0	0
0.0003	0
0.0006	0
0.0009	0
0.0012	0
0.0015	338
0.0018	2957
0.0021	1163
0.0024	1142
0.0027	1166
0.003	1270
0.0033	1394
0.0036	1459
0.0039	1619
0.0042	1675
0.0045	1771
0.0048	1962
0.0051	1979
0.0054	2131
0.0057	2132
0.006	2350
0.0063	2542
0.0066	2586
0.0069	2668
0.0072	3066
0.0075	2837
0.0078	3129
0.0081	3940
0.0084	10445
0.0087	3626
0.009	3507
0.0093	4355
0.0096	13070
0.0099	6407
0.0102	1820
0.0105	1910
0.0108	1955
0.0111	2774
0.0114	1898
0.0117	1595
0.012	1503
0.0123	1478
0.0126	1560
0.0129	1606
0.0132	1628
0.0135	1686
0.0138	1783
0.0141	1800
0.0144	1783
0.0147	1791
0.015	1881
0.0153	1894
0.0156	1993
0.0159	2060
0.0162	2022
0.0165	2019
0.0168	2054
0.0171	2145
0.0174	2225
0.0177	2317
0.018	2325
0.0183	2329
0.0186	2465
0.0189	2454
0.0192	2535
0.0195	2603
0.0198	2640
0.0201	2735
0.0204	2724
0.0207	2824
0.021	2861
0.0213	2992
0.0216	2984
0.0219	3010
0.0222	3041
0.0225	3213
0.0228	3164
0.0231	3271
0.0234	3282
0.0237	3309
0.024	3480
0.0243	3481
0.0246	3490
0.0249	3548
0.0252	3721
0.0255	3593
0.0258	3721
0.0261	3940
0.0264	3934
0.0267	3868
0.027	4030
0.0273	4151
0.0276	4132
0.0279	4147
0.0282	4278
0.0285	4247
0.0288	4413
0.0291	4426
0.0294	4597
0.0297	4587
0.03	4617
0.0303	4723
0.0306	4764
0.0309	4945
0.0312	4870
0.0315	4964
0.0318	5035
0.0321	5142
0.0324	5087
0.0327	5214
0.033	5227
0.0333	5221
0.0336	5243
0.0339	5406
0.0342	5456
0.0345	5600
0.0348	5538
0.0351	5796
0.0354	5874
0.0357	5767
0.036	5840
0.0363	5917
0.0366	5951
0.0369	6132
0.0372	6168
0.0375	6314
0.0378	6212
0.0381	6426
0.0384	6336
0.0387	6481
0.039	6482
0.0393	6673
0.0396	6562
0.0399	6722
0.0402	6835
0.0405	7006
0.0408	7029
0.0411	6989
0.0414	7102
0.0417	6945
0.042	7139
0.0423	7183
0.0426	7304
0.0429	7206
0.0432	7479
0.0435	7477
0.0438	7479
0.0441	7513
0.0444	7506
0.0447	7609
0.045	7768
0.0453	7802
0.0456	7851
0.0459	7872
0.0462	7928
0.0465	7969
0.0468	8192
0.0471	8145
0.0474	8362
0.0477	8334
0.048	8398
0.0483	8457
0.0486	8434
0.0489	8526
0.0492	8783
0.0495	8635
0.0498	8640
0.0501	8824
0.0504	8718
0.0507	8975
0.051	8927
0.0513	9101
0.0516	9005
0.0519	9101
0.0522	9146
0.0525	9200
0.0528	9271
0.0531	9362
0.0534	9385
0.0537	9441
0.054	9576
0.0543	9544
0.0546	9858
0.0549	9625
0.0552	9794
0.0555	9856
0.0558	9680
0.0561	9710
0.0564	9930
0.0567	228510
0.057	9828
0.0573	9926
0.0576	9858
0.0579	407038
0.0582	9587
0.0585	9654
0.0588	9715
0.0591	9678
0.0594	9842
0.0597	9927
0.06	9835
0.0603	9796
0.0606	9724
0.0609	9877
0.0612	9919
0.0615	9833
0.0618	9860
0.0621	9925
0.0624	10109
0.0627	10025
0.063	9983
0.0633	9913
0.0636	9831
0.0639	10040
0.0642	9968
0.0645	9822
0.0648	9991
0.0651	10010
0.0654	164297
0.0657	9920
0.066	12445
0.0663	9846
0.0666	10020
0.0669	9872
0.0672	46603
0.0675	17533
0.0678	2915
0.0681	3011
0.0684	3058
0.0687	3033
0.069	3016
0.0693	2984
0.0696	3049
0.0699	3003
0.0702	3099
0.0705	3028
0.0708	3104
0.0711	3205
0.0714	3150
0.0717	3091
0.072	3123
0.0723	3077
0.0726	3237
0.0729	3259
0.0732	3209
0.0735	3197
0.0738	3210
0.0741	3088
0.0744	3291
0.0747	3300
0.075	3177
0.0753	3369
0.0756	3369
0.0759	3413
0.0762	3331
0.0765	3394
0.0768	3398
0.0771	3347
0.0774	3327
0.0777	3374
0.078	3394
0.0783	3380
0.0786	3423
0.0789	3474
0.0792	3501
0.0795	3470
0.0798	3547
0.0801	3495
0.0804	3528
0.0807	3433
0.081	3447
0.0813	3480
0.0816	3545
0.0819	3688
0.0822	3610
0.0825	3714
0.0828	3612
0.0831	3588
0.0834	3597
0.0837	3650
0.084	3662
0.0843	3657
0.0846	3658
0.0849	3584
0.0852	3700
0.0855	3661
0.0858	3784
0.0861	3668
0.0864	3615
0.0867	3719
0.087	3729
0.0873	3735
0.0876	3694
0.0879	3738
0.0882	3687
0.0885	3892
0.0888	3788
0.0891	3852
0.0894	3723
0.0897	3830
0.09	3875
0.0903	3976
0.0906	3852
0.0909	3690
0.0912	4047
0.0915	3886
0.0918	3981
0.0921	3948
0.0924	3855
0.0927	3904
0.093	3919
0.0933	3833
0.0936	3808
0.0939	3974
0.0942	3986
0.0945	3946
0.0948	3911
0.0951	3954
0.0954	3917
0.0957	4083
0.096	4032
0.0963	3965
0.0966	4063
0.0969	3959
0.0972	4231
0.0975	4030
0.0978	4055
0.0981	4026
0.0984	4024
0.0987	3978
0.099	4079
0.0993	4072
0.0996	4134
0.0999	4147
0.1002	4051
0.1005	4135
0.1008	4086
0.1011	4102
0.1014	4061
0.1017	4119
0.102	4144
0.1023	4188
0.1026	4150
0.1029	4135
0.1032	4301
0.1035	4090
0.1038	4013
0.1041	4056
0.1044	4143
0.1047	4178
0.105	4117
0.1053	4176
0.1056	4130
0.1059	4223
0.1062	4393
0.1065	4183
0.1068	4292
0.1071	4154
0.1074	4229
0.1077	4184
0.108	4271
0.1083	4298
0.1086	4292
0.1089	4235
0.1092	4158
0.1095	4232
0.1098	4183
0.1101	4296
0.1104	4384
0.1107	4257
0.111	4195
0.1113	4372
0.1116	4195
0.1119	4202
0.1122	4213
0.1125	4244
0.1128	4187
0.1131	4285
0.1134	4342
0.1137	4447
0.114	4374
0.1143	4287
0.1146	4311
0.1149	4264
0.1152	4221
0.1155	4291
0.1158	4240
0.1161	4227
0.1164	4304
0.1167	4343
0.117	4268
0.1173	4212
0.1176	4242
0.1179	4319
0.1182	4306
0.1185	4345
0.1188	4419
0.1191	4288
0.1194	4314
0.1197	4220
0.12	4325
0.1203	4342
0.1206	4310
0.1209	4423
0.1212	4264
0.1215	4421
0.1218	4261
0.1221	4319
0.1224	4307
0.1227	4296
0.123	4294
0.1233	4273
0.1236	4305
0.1239	4383
0.1242	4297
0.1245	4249
0.1248	4212
0.1251	4495
0.1254	4328
0.1257	4324
0.126	4278
0.1263	4295
0.1266	4194
0.1269	4301
0.1272	4350
0.1275	4317
0.1278	4334
0.1281	4249
0.1284	4302
0.1287	4362
0.129	4287
0.1293	4353
0.1296	4216
0.1299	4303
0.1302	4391
0.1305	4305
0.1308	4330
0.1311	4324
0.1314	4317
0.1317	4363
0.132	4225
0.1323	4225
0.1326	4253
0.1329	4319
0.1332	4250
0.1335	4375
0.1338	4333
0.1341	4403
0.1344	4329
0.1347	4385
0.135	4281
0.1353	4206
0.1356	4165
0.1359	4256
0.1362	4348
0.1365	4191
0.1368	4220
0.1371	4173
0.1374	4248
0.1377	4267
0.138	4365
0.1383	4194
0.1386	4272
0.1389	4256
0.1392	4246
0.1395	4256
0.1398	4300
0.1401	4253
0.1404	4068
0.1407	4237
0.141	4338
0.1413	4265
0.1416	4291
0.1419	4159
0.1422	4294
0.1425	4241
0.1428	4239
0.1431	4270
0.1434	4165
0.1437	4095
0.144	4261
0.1443	4167
0.1446	4148
0.1449	4162
0.1452	4114
0.1455	4273
0.1458	4147
0.1461	4107
0.1464	4041
0.1467	4114
0.147	4115
0.1473	4153
0.1476	4187
0.1479	4170
0.1482	4135
0.1485	4015
0.1488	4127
0.1491	4089
0.1494	4187
0.1497	4126
0.15	4066
0.1503	4168
0.1506	4173
0.1509	4213
0.1512	4241
0.1515	4148
0.1518	4116
0.1521	4153
0.1524	4088
0.1527	4095
0.153	3970
0.1533	4055
0.1536	4032
0.1539	4002
0.1542	4094
0.1545	4002
0.1548	4022
0.1551	3982
0.1554	4010
0.1557	4026
0.156	4046
0.1563	3902
0.1566	4078
0.1569	4062
0.1572	4049
0.1575	3938
0.1578	3966
0.1581	4104
0.1584	3911
0.1587	3946
0.159	3845
0.1593	3990
0.1596	3920
0.1599	4008
0.1602	3875
0.1605	3980
0.1608	3922
0.1611	3892
0.1614	3994
0.1617	3861
0.162	3865
0.1623	3935
0.1626	3960
0.1629	3928
0.1632	3853
0.1635	3899
0.1638	3916
0.1641	3828
0.1644	3892
0.1647	3890
0.165	3745
0.1653	3893
0.1656	3772
0.1659	3850
0.1662	3809
0.1665	3800
0.1668	3832
0.1671	3789
0.1674	3833
0.1677	3847
0.168	3752
0.1683	3697
0.1686	3727
0.1689	3855
0.1692	3835
0.1695	3884
0.1698	3822
0.1701	3763
0.1704	3760
0.1707	3771
0.171	3751
0.1713	3773
0.1716	3841
0.1719	3750
0.1722	3658
0.1725	3781
0.1728	3784
0.1731	3773
0.1734	3691
0.1737	3730
0.174	3730
0.1743	3832
0.1746	3768
0.1749	3790
0.1752	3739
0.1755	3734
0.1758	3719
0.1761	3757
0.1764	3694
0.1767	3570
0.177	3591
0.1773	3510
0.1776	3657
0.1779	3631
0.1782	3526
0.1785	3650
0.1788	3591
0.1791	3714
0.1794	3574
0.1797	3663
0.18	3596
0.1803	3565
0.1806	3624
0.1809	3562
0.1812	3602
0.1815	3455
0.1818	3563
0.1821	3643
0.1824	3546
0.1827	3535
0.183	3543
0.1833	3548
0.1836	3595
0.1839	3573
0.1842	3507
0.1845	3475
0.1848	3632
0.1851	3470
0.1854	3490
0.1857	3548
0.186	3545
0.1863	3533
0.1866	3500
0.1869	3576
0.1872	3364
0.1875	3548
0.1878	3493
0.1881	3360
0.1884	3418
0.1887	3345
0.189	3472
0.1893	3451
0.1896	3444
0.1899	3417
0.1902	3424
0.1905	3326
0.1908	3378
0.1911	3367
0.1914	3384
0.1917	3371
0.192	3392
0.1923	3392
0.1926	3405
0.1929	3411
0.1932	3384
0.1935	3472
0.1938	3394
0.1941	3325
0.1944	3452
0.1947	3331
0.195	3213
0.1953	3324
0.1956	3287
0.1959	3264
0.1962	3275
0.1965	3285
0.1968	3348
0.1971	3205
0.1974	3356
0.1977	3214
0.198	3245
0.1983	3212
0.1986	3220
0.1989	3188
0.1992	3238
0.1995	3190
0.1998	3250
0.2001	3213
0.2004	3284
0.2007	3118
0.201	3175
0.2013	3238
0.2016	3290
0.2019	3106
0.2022	3252
0.2025	3263
0.2028	3200
0.2031	3164
0.2034	3110
0.2037	3183
0.204	3096
0.2043	3048
0.2046	3156
0.2049	3068
0.2052	3169
0.2055	3058
0.2058	3150
0.2061	3093
0.2064	3056
0.2067	3049
0.207	3125
0.2073	3116
0.2076	3130
0.2079	3182
0.2082	3038
0.2085	3083
0.2088	3002
0.2091	2972
0.2094	3080
0.2097	3092
0.21	3088
0.2103	3058
0.2106	2997
0.2109	3010
0.2112	2991
0.2115	3012
0.2118	3055
0.2121	2971
0.2124	3029
0.2127	2988
0.213	3024
0.2133	3009
0.2136	2936
0.2139	3019
0.2142	2909
0.2145	2895
0.2148	2934
0.2151	2879
0.2154	2845
0.2157	2879
0.216	2919
0.2163	2914
0.2166	2891
0.2169	2743
0.2172	2957
0.2175	2865
0.2178	2907
0.2181	2865
0.2184	2884
0.2187	2905
0.219	2937
0.2193	2818
0.2196	2826
0.2199	2830
0.2202	2857
0.2205	2774
0.2208	2908
0.2211	2814
0.2214	2818
0.2217	2765
0.222	2886
0.2223	2739
0.2226	2848
0.2229	2754
0.2232	2727
0.2235	2854
0.2238	2765
0.2241	2751
0.2244	2802
0.2247	2758
0.225	2794
0.2253	2787
0.2256	2754
0.2259	2854
0.2262	2717
0.2265	2710
0.2268	2705
0.2271	2690
0.2274	2729
0.2277	2710
0.228	2746
0.2283	2727
0.2286	2782
0.2289	2805
0.2292	2763
0.2295	2687
0.2298	2686
0.2301	2667
0.2304	2677
0.2307	2653
0.231	2605
0.2313	2619
0.2316	2637
0.2319	2629
0.2322	2606
0.2325	2673
0.2328	2666
0.2331	2673
0.2334	2695
0.2337	2663
0.234	2663
0.2343	2684
0.2346	2571
0.2349	2499
0.2352	2592
0.2355	2634
0.2358	2672
0.2361	2731
0.2364	2515
0.2367	2576
0.237	2571
0.2373	2529
0.2376	2593
0.2379	2513
0.2382	2672
0.2385	2591
0.2388	2618
0.2391	2508
0.2394	2522
0.2397	2509
0.24	2564
0.2403	2467
0.2406	2544
0.2409	2549
0.2412	2545
0.2415	2486
0.2418	2528
0.2421	2454
0.2424	2461
0.2427	2428
0.243	2539
0.2433	2464
0.2436	2506
0.2439	2382
0.2442	2508
0.2445	2472
0.2448	2561
0.2451	2345
0.2454	2448
0.2457	2411
0.246	2390
0.2463	2332
0.2466	2396
0.2469	2384
0.2472	2395
0.2475	2409
0.2478	2438
0.2481	2370
0.2484	2330
0.2487	2369
0.249	2423
0.2493	2402
0.2496	2420
0.2499	2335
0.2502	2385
0.2505	2328
0.2508	2416
0.2511	2283
0.2514	2429
0.2517	2357
0.252	2280
0.2523	2343
0.2526	2374
0.2529	2351
0.2532	2345
0.2535	2369
0.2538	2286
0.2541	2311
0.2544	2278
0.2547	2311
0.255	2260
0.2553	2259
0.2556	2268
0.2559	2356
0.2562	2348
0.2565	2269
0.2568	2303
0.2571	2304
0.2574	2262
0.2577	2326
0.258	2240
0.2583	2242
0.2586	2339
0.2589	2277
0.2592	2272
0.2595	2301
0.2598	2260
0.2601	2247
0.2604	2222
0.2607	2308
0.261	2210
0.2613	2246
0.2616	2170
0.2619	2173
0.2622	2257
0.2625	2179
0.2628	2259
0.2631	2143
0.2634	2146
0.2637	2284
0.264	2283
0.2643	2299
0.2646	2226
0.2649	2150
0.2652	2150
0.2655	2115
0.2658	2170
0.2661	2256
0.2664	2141
0.2667	2189
0.267	2196
0.2673	2133
0.2676	2126
0.2679	2144
0.2682	2103
0.2685	2115
0.2688	2082
0.2691	2163
0.2694	2111
0.2697	2122
0.27	2063
0.2703	2048
0.2706	2120
0.2709	2149
0.2712	2098
0.2715	2060
0.2718	2134
0.2721	2108
0.2724	2123
0.2727	2076
0.273	2108
0.2733	2154
0.2736	2108
0.2739	2082
0.2742	2027
0.2745	2009
0.2748	2023
0.2751	2011
0.2754	2075
0.2757	2044
0.276	2081
0.2763	2091
0.2766	1979
0.2769	2027
0.2772	2028
0.2775	2040
0.2778	1963
0.2781	2000
0.2784	2090
0.2787	1948
0.279	2024
0.2793	1970
0.2796	1972
0.2799	1945
0.2802	1945
0.2805	1915
0.2808	1999
0.2811	1972
0.2814	1985
0.2817	2014
0.282	1973
0.2823	1984
0.2826	2011
0.2829	2032
0.2832	2023
0.2835	1984
0.2838	2034
0.2841	1933
0.2844	1935
0.2847	2007
0.285	1918
0.2853	1898
0.2856	1989
0.2859	1917
0.2862	2008
0.2865	2039
0.2868	1891
0.2871	1975
0.2874	1923
0.2877	1878
0.288	1882
0.2883	1874
0.2886	1890
0.2889	1862
0.2892	1927
0.2895	1866
0.2898	1898
0.2901	1850
0.2904	1911
0.2907	1927
0.291	1986
0.2913	1844
0.2916	1828
0.2919	1839
0.2922	1833
0.2925	1861
0.2928	1827
0.2931	1856
0.2934	1859
0.2937	1760
0.294	1757
0.2943	1823
0.2946	1796
0.2949	1904
0.2952	1787
0.2955	1803
0.2958	1784
0.2961	1784
0.2964	1768
0.2967	1758
0.297	1820
0.2973	1759
0.2976	1836
0.2979	1753
0.2982	1788
0.2985	1793
0.2988	1800
0.2991	1796
0.2994	1811
0.2997	1692
0.3	1724
0.3003	1762
0.3006	1732
0.3009	1744
0.3012	1736
0.3015	1727
0.3018	1759
0.3021	1771
0.3024	1720
0.3027	1819
0.303	1721
0.3033	1631
0.3036	1752
0.3039	1756
0.3042	1816
0.3045	1745
0.3048	1748
0.3051	1676
0.3054	1763
0.3057	1717
0.306	1666
0.3063	1737
0.3066	1689
0.3069	1705
0.3072	1686
0.3075	1676
0.3078	1679
0.3081	1707
0.3084	1750
0.3087	1586
0.309	1692
0.3093	1672
0.3096	1715
0.3099	1637
0.3102	1634
0.3105	1670
0.3108	1606
0.3111	1626
0.3114	1696
0.3117	1588
0.312	1625
0.3123	1618
0.3126	1703
0.3129	1638
0.3132	1574
0.3135	1618
0.3138	1625
0.3141	1683
0.3144	1647
0.3147	1648
0.315	1602
0.3153	1568
0.3156	1666
0.3159	1617
0.3162	1573
0.3165	1595
0.3168	1570
0.3171	1640
0.3174	1657
0.3177	1586
0.318	1625
0.3183	1625
0.3186	1600
0.3189	1493
0.3192	1564
0.3195	1536
0.3198	1525
0.3201	1538
0.3204	1627
0.3207	1607
0.321	1497
0.3213	1586
0.3216	1497
0.3219	1569
0.3222	1501
0.3225	1559
0.3228	1574
0.3231	1575
0.3234	1512
0.3237	1501
0.324	1579
0.3243	1545
0.3246	1487
0.3249	1471
0.3252	1463
0.3255	1553
0.3258	1480
0.3261	1457
0.3264	1456
0.3267	1494
0.327	1544
0.3273	1517
0.3276	1491
0.3279	1459
0.3282	1477
0.3285	1462
0.3288	1554
0.3291	1519
0.3294	1476
0.3297	1503
0.33	1462
0.3303	1445
0.3306	1458
0.3309	1458
0.3312	1450
0.3315	1424
0.3318	1494
0.3321	1451
0.3324	1480
0.3327	1398
0.333	1404
0.3333	1498
0.3336	1444
0.3339	1487
0.3342	1473
0.3345	1405
0.3348	1390
0.3351	1363
0.3354	1420
0.3357	1439
0.336	1382
0.3363	1404
0.3366	1414
0.3369	1357
0.3372	1400
0.3375	1452
0.3378	1342
0.3381	1364
0.3384	1403
0.3387	1450
0.339	1359
0.3393	1443
0.3396	1411
0.3399	1396
0.3402	1422
0.3405	1415
0.3408	1319
0.3411	1393
0.3414	1376
0.3417	1404
0.342	1353
0.3423	1351
0.3426	1384
0.3429	1360
0.3432	1365
0.3435	1339
0.3438	1378
0.3441	1353
0.3444	1306
0.3447	1337
0.345	1380
0.3453	1376
0.3456	1389
0.3459	1314
0.3462	1312
0.3465	1312
0.3468	1319
0.3471	1323
0.3474	1328
0.3477	1299
0.348	1278
0.3483	1334
0.3486	1311
0.3489	1249
0.3492	1308
0.3495	1274
0.3498	1296
0.3501	1343
0.3504	1320
0.3507	1307
0.351	1342
0.3513	1333
0.3516	1394
0.3519	1303
0.3522	1320
0.3525	1329
0.3528	1281
0.3531	1271
0.3534	1311
0.3537	1246
0.354	1290
0.3543	1236
0.3546	1292
0.3549	1260
0.3552	1226
0.3555	1261
0.3558	1240
0.3561	1270
0.3564	1296
0.3567	1282
0.357	1308
0.3573	1302
0.3576	1240
0.3579	1229
0.3582	1210
0.3585	1230
0.3588	1186
0.3591	1266
0.3594	1229
0.3597	1197
0.36	1217
0.3603	1265
0.3606	1237
0.3609	1297
0.3612	1208
0.3615	1194
0.3618	1234
0.3621	1225
0.3624	1184
0.3627	1277
0.363	1249
0.3633	1253
0.3636	1170
0.3639	1231
0.3642	1222
0.3645	1207
0.3648	1143
0.3651	1089
0.3654	1172
0.3657	1114
0.366	1234
0.3663	1133
0.3666	1204
0.3669	1167
0.3672	1180
0.3675	1181
0.3678	1178
0.3681	1178
0.3684	1186
0.3687	1152
0.369	1206
0.3693	1200
0.3696	1126
0.3699	1092
0.3702	1128
0.3705	1183
0.3708	1237
0.3711	1185
0.3714	1167
0.3717	1270
0.372	1179
0.3723	1158
0.3726	1176
0.3729	1162
0.3732	1100
0.3735	1153
0.3738	1162
0.3741	1172
0.3744	1092
0.3747	1143
0.375	1096
0.3753	1084
0.3756	1123
0.3759	1144
0.3762	1169
0.3765	1177
0.3768	1064
0.3771	1133
0.3774	1109
0.3777	1120
0.378	1069
0.3783	1160
0.3786	1116
0.3789	1089
0.3792	1080
0.3795	1064
0.3798	1045
0.3801	1074
0.3804	1081
0.3807	1089
0.381	1076
0.3813	1048
0.3816	1097
0.3819	1119
0.3822	1036
0.3825	1114
0.3828	1050
0.3831	1080
0.3834	1112
0.3837	1068
0.384	1050
0.3843	1040
0.3846	1030
0.3849	1029
0.3852	1003
0.3855	1105
0.3858	1080
0.3861	1037
0.3864	1018
0.3867	1142
0.387	1074
0.3873	1064
0.3876	1112
0.3879	1062
0.3882	1132
0.3885	1088
0.3888	1047
0.3891	1003
0.3894	1083
0.3897	1010
0.39	994
0.3903	1039
0.3906	1049
0.3909	1009
0.3912	1104
0.3915	1038
0.3918	1050
0.3921	985
0.3924	1028
0.3927	1036
0.393	1058
0.3933	992
0.3936	998
0.3939	1060
0.3942	1106
0.3945	1037
0.3948	1032
0.3951	1019
0.3954	1028
0.3957	1031
0.396	981
0.3963	964
0.3966	989
0.3969	1030
0.3972	1008
0.3975	1008
0.3978	991
0.3981	979
0.3984	970
0.3987	974
0.399	1042
0.3993	914
0.3996	929
0.3999	957
0.4002	954
0.4005	1000
0.4008	951
0.4011	991
0.4014	986
0.4017	981
0.402	894
0.4023	965
0.4026	983
0.4029	1019
0.4032	949
0.4035	916
0.4038	925
0.4041	953
0.4044	926
0.4047	959
0.405	945
0.4053	1022
0.4056	878
0.4059	941
0.4062	932
0.4065	923
0.4068	1003
0.4071	946
0.4074	922
0.4077	965
0.408	993
0.4083	954
0.4086	967
0.4089	976
0.4092	873
0.4095	935
0.4098	938
0.4101	975
0.4104	918
0.4107	878
0.411	946
0.4113	934
0.4116	934
0.4119	939
0.4122	815
0.4125	939
0.4128	938
0.4131	820
0.4134	899
0.4137	936
0.414	895
0.4143	915
0.4146	900
0.4149	890
0.4152	888
0.4155	909
0.4158	846
0.4161	918
0.4164	858
0.4167	894
0.417	926
0.4173	896
0.4176	888
0.4179	880
0.4182	950
0.4185	865
0.4188	897
0.4191	869
0.4194	902
0.4197	908
0.42	862
0.4203	814
0.4206	842
0.4209	873
0.4212	877
0.4215	843
0.4218	867
0.4221	844
0.4224	871
0.4227	868
0.423	877
0.4233	904
0.4236	816
0.4239	894
0.4242	865
0.4245	856
0.4248	847
0.4251	805
0.4254	850
0.4257	848
0.426	850
0.4263	809
0.4266	808
0.4269	854
0.4272	858
0.4275	901
0.4278	820
0.4281	835
0.4284	780
0.4287	784
0.429	823
0.4293	803
0.4296	832
0.4299	795
0.4302	886
0.4305	784
0.4308	791
0.4311	803
0.4314	779
0.4317	813
0.432	820
0.4323	814
0.4326	795
0.4329	811
0.4332	757
0.4335	820
0.4338	775
0.4341	796
0.4344	769
0.4347	807
0.435	825
0.4353	846
0.4356	770
0.4359	822
0.4362	785
0.4365	792
0.4368	847
0.4371	787
0.4374	758
0.4377	753
0.438	767
0.4383	785
0.4386	777
0.4389	796
0.4392	798
0.4395	759
0.4398	775
0.4401	760
0.4404	809
0.4407	772
0.441	809
0.4413	756
0.4416	790
0.4419	774
0.4422	751
0.4425	784
0.4428	751
0.4431	770
0.4434	809
0.4437	733
0.444	763
0.4443	767
0.4446	725
0.4449	826
0.4452	766
0.4455	721
0.4458	751
0.4461	782
0.4464	754
0.4467	761
0.447	761
0.4473	771
0.4476	703
0.4479	745
0.4482	789
0.4485	762
0.4488	793
0.4491	721
0.4494	764
0.4497	696
0.45	789
0.4503	699
0.4506	742
0.4509	722
0.4512	767
0.4515	719
0.4518	755
0.4521	697
0.4524	760
0.4527	694
0.453	722
0.4533	703
0.4536	702
0.4539	686
0.4542	706
0.4545	700
0.4548	726
0.4551	736
0.4554	663
0.4557	683
0.456	663
0.4563	703
0.4566	705
0.4569	655
0.4572	725
0.4575	724
0.4578	729
0.4581	716
0.4584	709
0.4587	667
0.459	702
0.4593	687
0.4596	651
0.4599	716
0.4602	669
0.4605	689
0.4608	716
0.4611	687
0.4614	688
0.4617	719
0.462	637
0.4623	643
0.4626	705
0.4629	676
0.4632	653
0.4635	655
0.4638	675
0.4641	666
0.4644	673
0.4647	671
0.465	690
0.4653	652
0.4656	655
0.4659	635
0.4662	658
0.4665	640
0.4668	686
0.4671	618
0.4674	676
0.4677	633
0.468	630
0.4683	681
0.4686	660
0.4689	637
0.4692	686
0.4695	650
0.4698	627
0.4701	654
0.4704	657
0.4707	621
0.471	642
0.4713	636
0.4716	666
0.4719	670
0.4722	662
0.4725	674
0.4728	616
0.4731	639
0.4734	633
0.4737	616
0.474	662
0.4743	637
0.4746	657
0.4749	628
0.4752	632
0.4755	666
0.4758	628
0.4761	653
0.4764	653
0.4767	650
0.477	625
0.4773	614
0.4776	643
0.4779	651
0.4782	611
0.4785	599
0.4788	611
0.4791	652
0.4794	674
0.4797	592
0.48	557
0.4803	617
0.4806	639
0.4809	612
0.4812	631
0.4815	626
0.4818	580
0.4821	626
0.4824	601
0.4827	624
0.483	552
0.4833	567
0.4836	582
0.4839	599
0.4842	603
0.4845	596
0.4848	631
0.4851	588
0.4854	555
0.4857	630
0.486	592
0.4863	596
0.4866	581
0.4869	584
0.4872	540
0.4875	615
0.4878	602
0.4881	613
0.4884	566
0.4887	521
0.489	544
0.4893	605
0.4896	590
0.4899	598
0.4902	546
0.4905	562
0.4908	562
0.4911	557
0.4914	598
0.4917	558
0.492	553
0.4923	565
0.4926	585
0.4929	538
0.4932	570
0.4935	559
0.4938	579
0.4941	590
0.4944	556
0.4947	553
0.495	507
0.4953	584
0.4956	551
0.4959	556
0.4962	558
0.4965	574
0.4968	561
0.4971	561
0.4974	569
0.4977	553
0.498	524
0.4983	543
0.4986	531
0.4989	530
0.4992	542
0.4995	561
0.4998	527
0.5001	561
0.5004	539
0.5007	569
0.501	544
0.5013	563
0.5016	523
0.5019	555
0.5022	533
0.5025	525
0.5028	533
0.5031	524
0.5034	516
0.5037	565
0.504	554
0.5043	561
0.5046	562
0.5049	499
0.5052	511
0.5055	530
0.5058	506
0.5061	492
0.5064	490
0.5067	545
0.507	513
0.5073	546
0.5076	552
0.5079	529
0.5082	511
0.5085	484
0.5088	587
0.5091	531
0.5094	480
0.5097	584
0.51	542
0.5103	517
0.5106	519
0.5109	490
0.5112	514
0.5115	559
0.5118	517
0.5121	486
0.5124	481
0.5127	474
0.513	509
0.5133	520
0.5136	503
0.5139	501
0.5142	486
0.5145	512
0.5148	466
0.5151	485
0.5154	490
0.5157	476
0.516	469
0.5163	478
0.5166	465
0.5169	503
0.5172	514
0.5175	487
0.5178	508
0.5181	466
0.5184	479
0.5187	504
0.519	504
0.5193	465
0.5196	482
0.5199	483
0.5202	479
0.5205	463
0.5208	491
0.5211	482
0.5214	489
0.5217	516
0.522	483
0.5223	493
0.5226	473
0.5229	488
0.5232	479
0.5235	523
0.5238	447
0.5241	503
0.5244	520
0.5247	461
0.525	464
0.5253	509
0.5256	464
0.5259	415
0.5262	472
0.5265	479
0.5268	452
0.5271	426
0.5274	489
0.5277	451
0.528	452
0.5283	440
0.5286	443
0.5289	469
0.5292	438
0.5295	429
0.5298	480
0.5301	429
0.5304	479
0.5307	422
0.531	432
0.5313	480
0.5316	431
0.5319	436
0.5322	439
0.5325	410
0.5328	432
0.5331	448
0.5334	425
0.5337	428
0.534	441
0.5343	444
0.5346	425
0.5349	415
0.5352	450
0.5355	425
0.5358	436
0.5361	454
0.5364	467
0.5367	429
0.537	460
0.5373	450
0.5376	427
0.5379	433
0.5382	422
0.5385	436
0.5388	394
0.5391	430
0.5394	412
0.5397	410
0.54	403
0.5403	462
0.5406	437
0.5409	425
0.5412	424
0.5415	379
0.5418	385
0.5421	447
0.5424	394
0.5427	420
0.543	411
0.5433	395
0.5436	422
0.5439	403
0.5442	395
0.5445	403
0.5448	412
0.5451	420
0.5454	438
0.5457	451
0.546	416
0.5463	370
0.5466	405
0.5469	404
0.5472	381
0.5475	411
0.5478	455
0.5481	416
0.5484	428
0.5487	431
0.549	405
0.5493	412
0.5496	384
0.5499	399
0.5502	411
0.5505	398
0.5508	407
0.5511	391
0.5514	395
0.5517	423
0.552	403
0.5523	404
0.5526	398
0.5529	405
0.5532	360
0.5535	397
0.5538	409
0.5541	385
0.5544	367
0.5547	343
0.555	353
0.5553	366
0.5556	403
0.5559	392
0.5562	374
0.5565	396
0.5568	375
0.5571	388
0.5574	383
0.5577	368
0.558	361
0.5583	361
0.5586	355
0.5589	385
0.5592	390
0.5595	367
0.5598	336
0.5601	344
0.5604	382
0.5607	385
0.561	371
0.5613	383
0.5616	380
0.5619	352
0.5622	392
0.5625	391
0.5628	347
0.5631	376
0.5634	365
0.5637	349
0.564	342
0.5643	354
0.5646	343
0.5649	372
0.5652	403
0.5655	337
0.5658	343
0.5661	373
0.5664	378
0.5667	354
0.567	334
0.5673	356
0.5676	338
0.5679	342
0.5682	352
0.5685	317
0.5688	365
0.5691	317
0.5694	359
0.5697	359
0.57	318
0.5703	365
0.5706	340
0.5709	341
0.5712	364
0.5715	323
0.5718	374
0.5721	349
0.5724	341
0.5727	356
0.573	360
0.5733	368
0.5736	368
0.5739	300
0.5742	324
0.5745	333
0.5748	309
0.5751	336
0.5754	325
0.5757	351
0.576	365
0.5763	351
0.5766	353
0.5769	318
0.5772	300
0.5775	362
0.5778	333
0.5781	333
0.5784	355
0.5787	325
0.579	344
0.5793	328
0.5796	350
0.5799	322
0.5802	316
0.5805	310
0.5808	318
0.5811	315
0.5814	336
0.5817	335
0.582	346
0.5823	306
0.5826	361
0.5829	309
0.5832	336
0.5835	314
0.5838	291
0.5841	307
0.5844	302
0.5847	324
0.585	312
0.5853	322
0.5856	306
0.5859	352
0.5862	313
0.5865	335
0.5868	293
0.5871	300
0.5874	293
0.5877	307
0.588	286
0.5883	250
0.5886	295
0.5889	294
0.5892	331
0.5895	279
0.5898	361
0.5901	324
0.5904	331
0.5907	292
0.591	317
0.5913	304
0.5916	299
0.5919	286
0.5922	278
0.5925	321
0.5928	280
0.5931	306
0.5934	308
0.5937	309
0.594	322
0.5943	275
0.5946	304
0.5949	267
0.5952	317
0.5955	300
0.5958	284
0.5961	293
0.5964	292
0.5967	291
0.597	294
0.5973	301
0.5976	275
0.5979	286
0.5982	276
0.5985	297
0.5988	290
0.5991	300
0.5994	292
0.5997	287
0.6	307
0.6003	280
0.6006	294
0.6009	283
0.6012	282
0.6015	306
0.6018	264
0.6021	283
0.6024	259
0.6027	291
0.603	293
0.6033	293
0.6036	263
0.6039	269
0.6042	295
0.6045	304
0.6048	257
0.6051	307
0.6054	269
0.6057	258
0.606	275
0.6063	258
0.6066	267
0.6069	267
0.6072	263
0.6075	263
0.6078	265
0.6081	273
0.6084	273
0.6087	270
0.609	281
0.6093	268
0.6096	251
0.6099	267
0.6102	278
0.6105	274
0.6108	253
0.6111	262
0.6114	245
0.6117	295
0.612	269
0.6123	257
0.6126	248
0.6129	227
0.6132	265
0.6135	276
0.6138	246
0.6141	269
0.6144	259
0.6147	250
0.615	260
0.6153	277
0.6156	213
0.6159	256
0.6162	257
0.6165	267
0.6168	266
0.6171	267
0.6174	247
0.6177	225
0.618	224
0.6183	226
0.6186	224
0.6189	265
0.6192	249
0.6195	277
0.6198	262
0.6201	252
0.6204	237
0.6207	241
0.621	261
0.6213	231
0.6216	261
0.6219	255
0.6222	244
0.6225	236
0.6228	249
0.6231	214
0.6234	239
0.6237	222
0.624	224
0.6243	230
0.6246	264
0.6249	265
0.6252	224
0.6255	227
0.6258	212
0.6261	253
0.6264	244
0.6267	228
0.627	231
0.6273	222
0.6276	235
0.6279	238
0.6282	235
0.6285	220
0.6288	225
0.6291	226
0.6294	219
0.6297	231
0.63	244
0.6303	226
0.6306	200
0.6309	217
0.6312	217
0.6315	227
0.6318	224
0.6321	235
0.6324	234
0.6327	235
0.633	185
0.6333	218
0.6336	236
0.6339	235
0.6342	242
0.6345	238
0.6348	200
0.6351	202
0.6354	215
0.6357	201
0.636	212
0.6363	226
0.6366	233
0.6369	194
0.6372	244
0.6375	255
0.6378	211
0.6381	239
0.6384	226
0.6387	207
0.639	216
0.6393	220
0.6396	245
0.6399	216
0.6402	223
0.6405	212
0.6408	218
0.6411	224
0.6414	204
0.6417	191
0.642	212
0.6423	213
0.6426	213
0.6429	209
0.6432	205
0.6435	217
0.6438	189
0.6441	217
0.6444	213
0.6447	212
0.645	213
0.6453	208
0.6456	195
0.6459	208
0.6462	191
0.6465	185
0.6468	201
0.6471	203
0.6474	198
0.6477	204
0.648	187
0.6483	210
0.6486	205
0.6489	187
0.6492	212
0.6495	189
0.6498	204
0.6501	201
0.6504	213
0.6507	189
0.651	171
0.6513	174
0.6516	217
0.6519	174
0.6522	189
0.6525	187
0.6528	203
0.6531	221
0.6534	200
0.6537	197
0.654	178
0.6543	186
0.6546	212
0.6549	165
0.6552	200
0.6555	172
0.6558	211
0.6561	170
0.6564	189
0.6567	180
0.657	182
0.6573	176
0.6576	185
0.6579	168
0.6582	191
0.6585	185
0.6588	201
0.6591	163
0.6594	165
0.6597	182
0.66	192
0.6603	193
0.6606	175
0.6609	159
0.6612	165
0.6615	180
0.6618	198
0.6621	168
0.6624	148
0.6627	166
0.663	176
0.6633	173
0.6636	195
0.6639	169
0.6642	169
0.6645	177
0.6648	157
0.6651	166
0.6654	200
0.6657	162
0.666	185
0.6663	177
0.6666	150
0.6669	170
0.6672	172
0.6675	156
0.6678	161
0.6681	172
0.6684	198
0.6687	151
0.669	140
0.6693	185
0.6696	150
0.6699	182
0.6702	161
0.6705	138
0.6708	147
0.6711	168
0.6714	186
0.6717	152
0.672	161
0.6723	160
0.6726	159
0.6729	170
0.6732	154
0.6735	169
0.6738	160
0.6741	153
0.6744	155
0.6747	160
0.675	158
0.6753	135
0.6756	176
0.6759	175
0.6762	144
0.6765	154
0.6768	150
0.6771	169
0.6774	158
0.6777	145
0.678	148
0.6783	144
0.6786	138
0.6789	155
0.6792	135
0.6795	151
0.6798	155
0.6801	128
0.6804	139
0.6807	142
0.681	151
0.6813	151
0.6816	158
0.6819	145
0.6822	144
0.6825	145
0.6828	149
0.6831	150
0.6834	145
0.6837	140
0.684	153
0.6843	122
0.6846	163
0.6849	157
0.6852	136
0.6855	139
0.6858	129
0.6861	133
0.6864	153
0.6867	132
0.687	116
0.6873	120
0.6876	123
0.6879	135
0.6882	134
0.6885	163
0.6888	117
0.6891	135
0.6894	155
0.6897	133
0.69	129
0.6903	137
0.6906	160
0.6909	134
0.6912	123
0.6915	140
0.6918	127
0.6921	132
0.6924	124
0.6927	142
0.693	113
0.6933	143
0.6936	130
0.6939	120
0.6942	116
0.6945	145
0.6948	112
0.6951	131
0.6954	120
0.6957	130
0.696	113
0.6963	116
0.6966	140
0.6969	113
0.6972	110
0.6975	134
0.6978	118
0.6981	137
0.6984	122
0.6987	116
0.699	120
0.6993	115
0.6996	123
0.6999	128
0.7002	104
0.7005	138
0.7008	110
0.7011	126
0.7014	116
0.7017	114
0.702	94
0.7023	117
0.7026	113
0.7029	116
0.7032	126
0.7035	118
0.7038	106
0.7041	120
0.7044	127
0.7047	121
0.705	118
0.7053	120
0.7056	102
0.7059	112
0.7062	124
0.7065	112
0.7068	101
0.7071	114
0.7074	98
0.7077	107
0.708	119
0.7083	95
0.7086	93
0.7089	127
0.7092	99
0.7095	117
0.7098	87
0.7101	100
0.7104	94
0.7107	89
0.711	129
0.7113	93
0.7116	110
0.7119	101
0.7122	90
0.7125	103
0.7128	96
0.7131	95
0.7134	88
0.7137	101
0.714	106
0.7143	96
0.7146	115
0.7149	106
0.7152	93
0.7155	125
0.7158	110
0.7161	93
0.7164	106
0.7167	101
0.717	100
0.7173	87
0.7176	101
0.7179	95
0.7182	88
0.7185	79
0.7188	115
0.7191	92
0.7194	105
0.7197	87
0.72	103
0.7203	87
0.7206	82
0.7209	81
0.7212	69
0.7215	89
0.7218	91
0.7221	85
0.7224	100
0.7227	87
0.723	82
0.7233	88
0.7236	84
0.7239	85
0.7242	86
0.7245	93
0.7248	82
0.7251	74
0.7254	84
0.7257	79
0.726	88
0.7263	87
0.7266	69
0.7269	72
0.7272	72
0.7275	95
0.7278	79
0.7281	75
0.7284	72
0.7287	67
0.729	76
0.7293	89
0.7296	77
0.7299	89
0.7302	83
0.7305	96
0.7308	98
0.7311	84
0.7314	72
0.7317	88
0.732	74
0.7323	84
0.7326	81
0.7329	85
0.7332	66
0.7335	64
0.7338	78
0.7341	53
0.7344	92
0.7347	73
0.735	68
0.7353	77
0.7356	83
0.7359	85
0.7362	59
0.7365	76
0.7368	77
0.7371	62
0.7374	68
0.7377	68
0.738	72
0.7383	64
0.7386	64
0.7389	65
0.7392	75
0.7395	77
0.7398	61
0.7401	68
0.7404	60
0.7407	56
0.741	66
0.7413	73
0.7416	64
0.7419	61
0.7422	72
0.7425	73
0.7428	61
0.7431	72
0.7434	44
0.7437	65
0.744	68
0.7443	74
0.7446	58
0.7449	68
0.7452	63
0.7455	65
0.7458	66
0.7461	57
0.7464	58
0.7467	71
0.747	57
0.7473	62
0.7476	59
0.7479	65
0.7482	45
0.7485	53
0.7488	63
0.7491	85
0.7494	63
0.7497	62
0.75	43
0.7503	64
0.7506	60
0.7509	66
0.7512	66
0.7515	53
0.7518	55
0.7521	60
0.7524	52
0.7527	63
0.753	42
0.7533	51
0.7536	48
0.7539	49
0.7542	46
0.7545	52
0.7548	45
0.7551	57
0.7554	58
0.7557	38
0.756	47
0.7563	45
0.7566	41
0.7569	51
0.7572	38
0.7575	49
0.7578	46
0.7581	61
0.7584	52
0.7587	40
0.759	42
0.7593	44
0.7596	56
0.7599	40
0.7602	37
0.7605	46
0.7608	40
0.7611	52
0.7614	34
0.7617	46
0.762	31
0.7623	43
0.7626	31
0.7629	46
0.7632	46
0.7635	36
0.7638	32
0.7641	31
0.7644	45
0.7647	39
0.765	41
0.7653	33
0.7656	44
0.7659	48
0.7662	35
0.7665	38
0.7668	39
0.7671	37
0.7674	41
0.7677	47
0.768	32
0.7683	30
0.7686	30
0.7689	38
0.7692	37
0.7695	27
0.7698	30
0.7701	34
0.7704	38
0.7707	28
0.771	34
0.7713	38
0.7716	29
0.7719	36
0.7722	33
0.7725	42
0.7728	34
0.7731	30
0.7734	34
0.7737	32
0.774	35
0.7743	31
0.7746	31
0.7749	29
0.7752	33
0.7755	37
0.7758	28
0.7761	21
0.7764	23
0.7767	24
0.777	29
0.7773	25
0.7776	29
0.7779	19
0.7782	24
0.7785	28
0.7788	26
0.7791	28
0.7794	21
0.7797	24
0.78	32
0.7803	24
0.7806	26
0.7809	27
0.7812	25
0.7815	26
0.7818	16
0.7821	18
0.7824	18
0.7827	13
0.783	28
0.7833	20
0.7836	21
0.7839	26
0.7842	18
0.7845	19
0.7848	10
0.7851	11
0.7854	20
0.7857	18
0.786	17
0.7863	24
0.7866	15
0.7869	16
0.7872	22
0.7875	11
0.7878	16
0.7881	18
0.7884	9
0.7887	23
0.789	17
0.7893	11
0.7896	11
0.7899	15
0.7902	11
0.7905	11
0.7908	14
0.7911	14
0.7914	8
0.7917	12
0.792	6
0.7923	7
0.7926	13
0.7929	8
0.7932	6
0.7935	4
0.7938	11
0.7941	6
0.7944	6
0.7947	8
0.795	12
0.7953	12
0.7956	8
0.7959	6
0.7962	5
0.7965	8
0.7968	3
0.7971	3
0.7974	7
0.7977	6
0.798	6
0.7983	0
0.7986	4
0.7989	4
0.7992	1
0.7995	0
0.7998	1
0.8001	0
0.8004	0
0.8007	0
0.801	0
0.8013	0
0.8016	0
0.8019	0
0.8022	0
0.8025	0
0.8028	0
0.8031	0
0.8034	0
0.8037	0
0.804	0
0.8043	0
0.8046	0
0.8049	0
0.8052	0
0.8055	0
0.8058	0
0.8061	0
0.8064	0
0.8067	0
0.807	0
0.8073	0
0.8076	0
0.8079	0
0.8082	0
0.8085	0
0.8088	0
0.8091	0
0.8094	0
0.8097	0
0.81	0
0.8103	0
0.8106	0
0.8109	0
0.8112	0
0.8115	0
0.8118	0
0.8121	0
0.8124	0
0.8127	0
0.813	0
0.8133	0
0.8136	0
0.8139	0
0.8142	0
0.8145	0
0.8148	0
0.8151	0
0.8154	0
0.8157	0
0.816	0
0.8163	0
0.8166	0
0.8169	0
0.8172	0
0.8175	0
0.8178	0
0.8181	0
0.8184	0
0.8187	0
0.819	0
0.8193	0
0.8196	0
0.8199	0
0.8202	0
0.8205	0
0.8208	0
0.8211	0
0.8214	0
0.8217	0
0.822	0
0.8223	0
0.8226	0
0.8229	0
0.8232	0
0.8235	0
0.8238	0
0.8241	0
0.8244	0
0.8247	0
0.825	0
0.8253	0
0.8256	0
0.8259	0
0.8262	0
0.8265	0
0.8268	0
0.8271	0
0.8274	0
0.8277	0
0.828	0
0.8283	0
0.8286	0
0.8289	0
0.8292	0
0.8295	0
0.8298	0
0.8301	0
0.8304	0
0.8307	0
0.831	0
0.8313	0
0.8316	0
0.8319	0
0.8322	0
0.8325	0
0.8328	0
0.8331	0
0.8334	0
0.8337	0
0.834	0
0.8343	0
0.8346	0
0.8349	0
0.8352	0
0.8355	0
0.8358	0
0.8361	0
0.8364	0
0.8367	0
0.837	0
0.8373	0
0.8376	0
0.8379	0
0.8382	0
0.8385	0
0.8388	0
0.8391	0
0.8394	0
0.8397	0
0.84	0
0.8403	0
0.8406	0
0.8409	0
0.8412	0
0.8415	0
0.8418	0
0.8421	0
0.8424	0
0.8427	0
0.843	0
0.8433	0
0.8436	0
0.8439	0
0.8442	0
0.8445	0
0.8448	0
0.8451	0
0.8454	0
0.8457	0
0.846	0
0.8463	0
0.8466	0
0.8469	0
0.8472	0
0.8475	0
0.8478	0
0.8481	0
0.8484	0
0.8487	0
0.849	0
0.8493	0
0.8496	0
0.8499	0
0.8502	0
0.8505	0
0.8508	0
0.8511	0
0.8514	0
0.8517	0
0.852	0
0.8523	0
0.8526	0
0.8529	0
0.8532	0
0.8535	0
0.8538	0
0.8541	0
0.8544	0
0.8547	0
0.855	0
0.8553	0
0.8556	0
0.8559	0
0.8562	0
0.8565	0
0.8568	0
0.8571	0
0.8574	0
0.8577	0
0.858	0
0.8583	0
0.8586	0
0.8589	0
0.8592	0
0.8595	0
0.8598	0
0.8601	0
0.8604	0
0.8607	0
0.861	0
0.8613	0
0.8616	0
0.8619	0
0.8622	0
0.8625	0
0.8628	0
0.8631	0
0.8634	0
0.8637	0
0.864	0
0.8643	0
0.8646	0
0.8649	0
0.8652	0
0.8655	0
0.8658	0
0.8661	0
0.8664	0
0.8667	0
0.867	0
0.8673	0
0.8676	0
0.8679	0
0.8682	0
0.8685	0
0.8688	0
0.8691	0
0.8694	0
0.8697	0
0.87	0
0.8703	0
0.8706	0
0.8709	0
0.8712	0
0.8715	0
0.8718	0
0.8721	0
0.8724	0
0.8727	0
0.873	0
0.8733	0
0.8736	0
0.8739	0
0.8742	0
0.8745	0
0.8748	0
0.8751	0
0.8754	0
0.8757	0
0.876	0
0.8763	0
0.8766	0
0.8769	0
0.8772	0
0.8775	0
0.8778	0
0.8781	0
0.8784	0
0.8787	0
0.879	0
0.8793	0
0.8796	0
0.8799	0
0.8802	0
0.8805	0
0.8808	0
0.8811	0
0.8814	0
0.8817	0
0.882	0
0.8823	0
0.8826	0
0.8829	0
0.8832	0
0.8835	0
0.8838	0
0.8841	0
0.8844	0
0.8847	0
0.885	0
0.8853	0
0.8856	0
0.8859	0
0.8862	0
0.8865	0
0.8868	0
0.8871	0
0.8874	0
0.8877	0
0.888	0
0.8883	0
0.8886	0
0.8889	0
0.8892	0
0.8895	0
0.8898	0
0.8901	0
0.8904	0
0.8907	0
0.891	0
0.8913	0
0.8916	0
0.8919	0
0.8922	0
0.8925	0
0.8928	0
0.8931	0
0.8934	0
0.8937	0
0.894	0
0.8943	0
0.8946	0
0.8949	0
0.8952	0
0.8955	0
0.8958	0
0.8961	0
0.8964	0
0.8967	0
0.897	0
0.8973	0
0.8976	0
0.8979	0
0.8982	0
0.8985	0
0.8988	0
0.8991	0
0.8994	0
0.8997	0
0.9	0
0.9003	0
0.9006	0
0.9009	0
0.9012	0
0.9015	0
0.9018	0
0.9021	0
0.9024	0
0.9027	0
0.903	0
0.9033	0
0.9036	0
0.9039	0
0.9042	0
0.9045	0
0.9048	0
0.9051	0
0.9054	0
0.9057	0
0.906	0
0.9063	0
0.9066	0
0.9069	0
0.9072	0
0.9075	0
0.9078	0
0.9081	0
0.9084	0
0.9087	0
0.909	0
0.9093	0
0.9096	0
0.9099	0
0.9102	0
0.9105	0
0.9108	0
0.9111	0
0.9114	0
0.9117	0
0.912	0
0.9123	0
0.9126	0
0.9129	0
0.9132	0
0.9135	0
0.9138	0
0.9141	0
0.9144	0
0.9147	0
0.915	0
0.9153	0
0.9156	0
0.9159	0
0.9162	0
0.9165	0
0.9168	0
0.9171	0
0.9174	0
0.9177	0
0.918	0
0.9183	0
0.9186	0
0.9189	0
0.9192	0
0.9195	0
0.9198	0
0.9201	0
0.9204	0
0.9207	0
0.921	0
0.9213	0
0.9216	0
0.9219	0
0.9222	0
0.9225	0
0.9228	0
0.9231	0
0.9234	0
0.9237	0
0.924	0
0.9243	0
0.9246	0
0.9249	0
0.9252	0
0.9255	0
0.9258	0
0.9261	0
0.9264	0
0.9267	0
0.927	0
0.9273	0
0.9276	0
0.9279	0
0.9282	0
0.9285	0
0.9288	0
0.9291	0
0.9294	0
0.9297	0
0.93	0
0.9303	0
0.9306	0
0.9309	0
0.9312	0
0.9315	0
0.9318	0
0.9321	0
0.9324	0
0.9327	0
0.933	0
0.9333	0
0.9336	0
0.9339	0
0.9342	0
0.9345	0
0.9348	0
0.9351	0
0.9354	0
0.9357	0
0.936	0
0.9363	0
0.9366	0
0.9369	0
0.9372	0
0.9375	0
0.9378	0
0.9381	0
0.9384	0
0.9387	0
0.939	0
0.9393	0
0.9396	0
0.9399	0
0.9402	0
0.9405	0
0.9408	0
0.9411	0
0.9414	0
0.9417	0
0.942	0
0.9423	0
0.9426	0
0.9429	0
0.9432	0
0.9435	0
0.9438	0
0.9441	0
0.9444	0
0.9447	0
0.945	0
0.9453	0
0.9456	0
0.9459	0
0.9462	0
0.9465	0
0.9468	0
0.9471	0
0.9474	0
0.9477	0
0.948	0
0.9483	0
0.9486	0
0.9489	0
0.9492	0
0.9495	0
0.9498	0
0.9501	0
0.9504	0
0.9507	0
0.951	0
0.9513	0
0.9516	0
0.9519	0
0.9522	0
0.9525	0
0.9528	0
0.9531	0
0.9534	0
0.9537	0
0.954	0
0.9543	0
0.9546	0
0.9549	0
0.9552	0
0.9555	0
0.9558	0
0.9561	0
0.9564	0
0.9567	0
0.957	0
0.9573	0
0.9576	0
0.9579	0
0.9582	0
0.9585	0
0.9588	0
0.9591	0
0.9594	0
0.9597	0
0.96	0
0.9603	0
0.9606	0
0.9609	0
0.9612	0
0.9615	0
0.9618	0
0.9621	0
0.9624	0
0.9627	0
0.963	0
0.9633	0
0.9636	0
0.9639	0
0.9642	0
0.9645	0
0.9648	0
0.9651	0
0.9654	0
0.9657	0
0.966	0
0.9663	0
0.9666	0
0.9669	0
0.9672	0
0.9675	0
0.9678	0
0.9681	0
0.9684	0
0.9687	0
0.969	0
0.9693	0
0.9696	0
0.9699	0
0.9702	0
0.9705	0
0.9708	0
0.9711	0
0.9714	0
0.9717	0
0.972	0
0.9723	0
0.9726	0
0.9729	0
0.9732	0
0.9735	0
0.9738	0
0.9741	0
0.9744	0
0.9747	0
0.975	0
0.9753	0
0.9756	0
0.9759	0
0.9762	0
0.9765	0
0.9768	0
0.9771	0
0.9774	0
0.9777	0
0.978	0
0.9783	0
0.9786	0
0.9789	0
0.9792	0
0.9795	0
0.9798	0
0.9801	0
0.9804	0
0.9807	0
0.981	0
0.9813	0
0.9816	0
0.9819	0
0.9822	0
0.9825	0
0.9828	0
0.9831	0
0.9834	0
0.9837	0
0.984	0
0.9843	0
0.9846	0
0.9849	0
0.9852	0
0.9855	0
0.9858	0
0.9861	0
0.9864	0
0.9867	0
0.987	0
0.9873	0
0.9876	0
0.9879	0
0.9882	0
0.9885	0
0.9888	0
0.9891	0
0.9894	0
0.9897	0
0.99	0
0.9903	0
0.9906	0
0.9909	0
0.9912	0
0.9915	0
0.9918	0
0.9921	0
0.9924	0
0.9927	0
0.993	0
0.9933	0
0.9936	0
0.9939	0
0.9942	0
0.9945	0
0.9948	0
0.9951	0
0.9954	0
0.9957	0
0.996	0
0.9963	0
0.9966	0
0.9969	0
0.9972	0
0.9975	0
0.9978	0
0.9981	0
0.9984	0
0.9987	0
0.999	0
0.9993	0
0.9996	0
0.9999	0
1.0002	0
1.0005	0
1.0008	0
1.0011	0
1.0014	0
1.0017	0
1.002	0
1.0023	0
1.0026	0
1.0029	0
1.0032	0
1.0035	0
1.0038	0
1.0041	0
1.0044	0
1.0047	0
1.005	0
1.0053	0
1.0056	0
1.0059	0
1.0062	0
1.0065	0
1.0068	0
1.0071	0
1.0074	0
1.0077	0
1.008	0
1.0083	0
1.0086	0
1.0089	0
1.0092	0
1.0095	0
1.0098	0
1.0101	0
1.0104	0
1.0107	0
1.011	0
1.0113	0
1.0116	0
1.0119	0
1.0122	0
1.0125	0
1.0128	0
1.0131	0
1.0134	0
1.0137	0
1.014	0
1.0143	0
1.0146	0
1.0149	0
1.0152	0
1.0155	0
1.0158	0
1.0161	0
1.0164	0
1.0167	0
1.017	0
1.0173	0
1.0176	0
1.0179	0
1.0182	0
1.0185	0
1.0188	0
1.0191	0
1.0194	0
1.0197	0
1.02	0
1.0203	0
1.0206	0
1.0209	0
1.0212	0
1.0215	0
1.0218	0
1.0221	0
1.0224	0
1.0227	0
1.023	0
1.0233	0
1.0236	0
1.0239	0
1.0242	0
1.0245	0
1.0248	0
1.0251	0
1.0254	0
1.0257	0
1.026	0
1.0263	0
1.0266	0
1.0269	0
1.0272	0
1.0275	0
1.0278	0
1.0281	0
1.0284	0
1.0287	0
1.029	0
1.0293	0
1.0296	0
1.0299	0
1.0302	0
1.0305	0
1.0308	0
1.0311	0
1.0314	0
1.0317	0
1.032	0
1.0323	0
1.0326	0
1.0329	0
1.0332	0
1.0335	0
1.0338	0
1.0341	0
1.0344	0
1.0347	0
1.035	0
1.0353	0
1.0356	0
1.0359	0
1.0362	0
1.0365	0
1.0368	0
1.0371	0
1.0374	0
1.0377	0
1.038	0
1.0383	0
1.0386	0
1.0389	0
1.0392	0
1.0395	0
1.0398	0
1.0401	0
1.0404	0
1.0407	0
1.041	0
1.0413	0
1.0416	0
1.0419	0
1.0422	0
1.0425	0
1.0428	0
1.0431	0
1.0434	0
1.0437	0
1.044	0
1.0443	0
1.0446	0
1.0449	0
1.0452	0
1.0455	0
1.0458	0
1.0461	0
1.0464	0
1.0467	0
1.047	0
1.0473	0
1.0476	0
1.0479	0
1.0482	0
1.0485	0
1.0488	0
1.0491	0
1.0494	0
1.0497	0
1.05	0
1.0503	0
1.0506	0
1.0509	0
1.0512	0
1.0515	0
1.0518	0
1.0521	0
1.0524	0
1.0527	0
1.053	0
1.0533	0
1.0536	0
1.0539	0
1.0542	0
1.0545	0
1.0548	0
1.0551	0
1.0554	0
1.0557	0
1.056	0
1.0563	0
1.0566	0
1.0569	0
1.0572	0
1.0575	0
1.0578	0
1.0581	0
1.0584	0
1.0587	0
1.059	0
1.0593	0
1.0596	0
1.0599	0
1.0602	0
1.0605	0
1.0608	0
1.0611	0
1.0614	0
1.0617	0
1.062	0
1.0623	0
1.0626	0
1.0629	0
1.0632	0
1.0635	0
1.0638	0
1.0641	0
1.0644	0
1.0647	0
1.065	0
1.0653	0
1.0656	0
1.0659	0
1.0662	0
1.0665	0
1.0668	0
1.0671	0
1.0674	0
1.0677	0
1.068	0
1.0683	0
1.0686	0
1.0689	0
1.0692	0
1.0695	0
1.0698	0
1.0701	0
1.0704	0
1.0707	0
1.071	0
1.0713	0
1.0716	0
1.0719	0
1.0722	0
1.0725	0
1.0728	0
1.0731	0
1.0734	0
1.0737	0
1.074	0
1.0743	0
1.0746	0
1.0749	0
1.0752	0
1.0755	0
1.0758	0
1.0761	0
1.0764	0
1.0767	0
1.077	0
1.0773	0
1.0776	0
1.0779	0
1.0782	0
1.0785	0
1.0788	0
1.0791	0
1.0794	0
1.0797	0
1.08	0
1.0803	0
1.0806	0
1.0809	0
1.0812	0
1.0815	0
1.0818	0
1.0821	0
1.0824	0
1.0827	0
1.083	0
1.0833	0
1.0836	0
1.0839	0
1.0842	0
1.0845	0
1.0848	0
1.0851	0
1.0854	0
1.0857	0
1.086	0
1.0863	0
1.0866	0
1.0869	0
1.0872	0
1.0875	0
1.0878	0
1.0881	0
1.0884	0
1.0887	0
1.089	0
1.0893	0
1.0896	0
1.0899	0
1.0902	0
1.0905	0
1.0908	0
1.0911	0
1.0914	0
1.0917	0
1.092	0
1.0923	0
1.0926	0
1.0929	0
1.0932	0
1.0935	0
1.0938	0
1.0941	0
1.0944	0
1.0947	0
1.095	0
1.0953	0
1.0956	0
1.0959	0
1.0962	0
1.0965	0
1.0968	0
1.0971	0
1.0974	0
1.0977	0
1.098	0
1.0983	0
1.0986	0
1.0989	0
1.0992	0
1.0995	0
1.0998	0
1.1001	0
1.1004	0
1.1007	0
1.101	0
1.1013	0
1.1016	0
1.1019	0
1.1022	0
1.1025	0
1.1028	0
1.1031	0
1.1034	0
1.1037	0
1.104	0
1.1043	0
1.1046	0
1.1049	0
1.1052	0
1.1055	0
1.1058	0
1.1061	0
1.1064	0
1.1067	0
1.107	0
1.1073	0
1.1076	0
1.1079	0
1.1082	0
1.1085	0
1.1088	0
1.1091	0
1.1094	0
1.1097	0
1.11	0
1.1103	0
1.1106	0
1.1109	0
1.1112	0
1.1115	0
1.1118	0
1.1121	0
1.1124	0
1.1127	0
1.113	0
1.1133	0
1.1136	0
1.1139	0
1.1142	0
1.1145	0
1.1148	0
1.1151	0
1.1154	0
1.1157	0
1.116	0
1.1163	0
1.1166	0
1.1169	0
1.1172	0
1.1175	0
1.1178	0
1.1181	0
1.1184	0
1.1187	0
1.119	0
1.1193	0
1.1196	0
1.1199	0
1.1202	0
1.1205	0
1.1208	0
1.1211	0
1.1214	0
1.1217	0
1.122	0
1.1223	0
1.1226	0
1.1229	0
1.1232	0
1.1235	0
1.1238	0
1.1241	0
1.1244	0
1.1247	0
1.125	0
1.1253	0
1.1256	0
1.1259	0
1.1262	0
1.1265	0
1.1268	0
1.1271	0
1.1274	0
1.1277	0
1.128	0
1.1283	0
1.1286	0
1.1289	0
1.1292	0
1.1295	0
1.1298	0
1.1301	0
1.1304	0
1.1307	0
1.131	0
1.1313	0
1.1316	0
1.1319	0
1.1322	0
1.1325	0
1.1328	0
1.1331	0
1.1334	0
1.1337	0
1.134	0
1.1343	0
1.1346	0
1.1349	0
1.1352	0
1.1355	0
1.1358	0
1.1361	0
1.1364	0
1.1367	0
1.137	0
1.1373	0
1.1376	0
1.1379	0
1.1382	0
1.1385	0
1.1388	0
1.1391	0
1.1394	0
1.1397	0
1.14	0
1.1403	0
1.1406	0
1.1409	0
1.1412	0
1.1415	0
1.1418	0
1.1421	0
1.1424	0
1.1427	0
1.143	0
1.1433	0
1.1436	0
1.1439	0
1.1442	0
1.1445	0
1.1448	0
1.1451	0
1.1454	0
1.1457	0
1.146	0
1.1463	0
1.1466	0
1.1469	0
1.1472	0
1.1475	0
1.1478	0
1.1481	0
1.1484	0
1.1487	0
1.149	0
1.1493	0
1.1496	0
1.1499	0
1.1502	0
1.1505	0
1.1508	0
1.1511	0
1.1514	0
1.1517	0
1.152	0
1.1523	0
1.1526	0
1.1529	0
1.1532	0
1.1535	0
1.1538	0
1.1541	0
1.1544	0
1.1547	0
1.155	0
1.1553	0
1.1556	0
1.1559	0
1.1562	0
1.1565	0
1.1568	0
1.1571	0
1.1574	0
1.1577	0
1.158	0
1.1583	0
1.1586	0
1.1589	0
1.1592	0
1.1595	0
1.1598	0
1.1601	0
1.1604	0
1.1607	0
1.161	0
1.1613	0
1.1616	0
1.1619	0
1.1622	0
1.1625	0
1.1628	0
1.1631	0
1.1634	0
1.1637	0
1.164	0
1.1643	0
1.1646	0
1.1649	0
1.1652	0
1.1655	0
1.1658	0
1.1661	0
1.1664	0
1.1667	0
1.167	0
1.1673	0
1.1676	0
1.1679	0
1.1682	0
1.1685	0
1.1688	0
1.1691	0
1.1694	0
1.1697	0
1.17	0
1.1703	0
1.1706	0
1.1709	0
1.1712	0
1.1715	0
1.1718	0
1.1721	0
1.1724	0
1.1727	0
1.173	0
1.1733	0
1.1736	0
1.1739	0
1.1742	0
1.1745	0
1.1748	0
1.1751	0
1.1754	0
1.1757	0
1.176	0
1.1763	0
1.1766	0
1.1769	0
1.1772	0
1.1775	0
1.1778	0
1.1781	0
1.1784	0
1.1787	0
1.179	0
1.1793	0
1.1796	0
1.1799	0
1.1802	0
1.1805	0
1.1808	0
1.1811	0
1.1814	0
1.1817	0
1.182	0
1.1823	0
1.1826	0
1.1829	0
1.1832	0
1.1835	0
1.1838	0
1.1841	0
1.1844	0
1.1847	0
1.185	0
1.1853	0
1.1856	0
1.1859	0
1.1862	0
1.1865	0
1.1868	0
1.1871	0
1.1874	0
1.1877	0
1.188	0
1.1883	0
1.1886	0
1.1889	0
1.1892	0
1.1895	0
1.1898	0
1.1901	0
1.1904	0
1.1907	0
1.191	0
1.1913	0
1.1916	0
1.1919	0
1.1922	0
1.1925	0
1.1928	0
1.1931	0
1.1934	0
1.1937	0
1.194	0
1.1943	0
1.1946	0
1.1949	0
1.1952	0
1.1955	0
1.1958	0
1.1961	0
1.1964	0
1.1967	0
1.197	0
1.1973	0
1.1976	0
1.1979	0
1.1982	0
1.1985	0
1.1988	0
1.1991	0
1.1994	0
1.1997	0
1.2	0
1.2003	0
1.2006	0
1.2009	0
1.2012	0
1.2015	0
1.2018	0
1.2021	0
1.2024	0
1.2027	0
1.203	0
1.2033	0
1.2036	0
1.2039	0
1.2042	0
1.2045	0
1.2048	0
1.2051	0
1.2054	0
1.2057	0
1.206	0
1.2063	0
1.2066	0
1.2069	0
1.2072	0
1.2075	0
1.2078	0
1.2081	0
1.2084	0
1.2087	0
1.209	0
1.2093	0
1.2096	0
1.2099	0
1.2102	0
1.2105	0
1.2108	0
1.2111	0
1.2114	0
1.2117	0
1.212	0
1.2123	0
1.2126	0
1.2129	0
1.2132	0
1.2135	0
1.2138	0
1.2141	0
1.2144	0
1.2147	0
1.215	0
1.2153	0
1.2156	0
1.2159	0
1.2162	0
1.2165	0
1.2168	0
1.2171	0
1.2174	0
1.2177	0
1.218	0
1.2183	0
1.2186	0
1.2189	0
1.2192	0
1.2195	0
1.2198	0
1.2201	0
1.2204	0
1.2207	0
1.221	0
1.2213	0
1.2216	0
1.2219	0
1.2222	0
1.2225	0
1.2228	0
1.2231	0
1.2234	0
1.2237	0
1.224	0
1.2243	0
1.2246	0
1.2249	0
1.2252	0
1.2255	0
1.2258	0
1.2261	0
1.2264	0
1.2267	0
1.227	0
1.2273	0
1.2276	0
1.2279	0
1.2282	0
1.2285	0
1.2288	0
1.2291	0
1.2294	0
1.2297	0
1.23	0
1.2303	0
1.2306	0
1.2309	0
1.2312	0
1.2315	0
1.2318	0
1.2321	0
1.2324	0
1.2327	0
1.233	0
1.2333	0
1.2336	0
1.2339	0
1.2342	0
1.2345	0
1.2348	0
1.2351	0
1.2354	0
1.2357	0
1.236	0
1.2363	0
1.2366	0
1.2369	0
1.2372	0
1.2375	0
1.2378	0
1.2381	0
1.2384	0
1.2387	0
1.239	0
1.2393	0
1.2396	0
1.2399	0
1.2402	0
1.2405	0
1.2408	0
1.2411	0
1.2414	0
1.2417	0
1.242	0
1.2423	0
1.2426	0
1.2429	0
1.2432	0
1.2435	0
1.2438	0
1.2441	0
1.2444	0
1.2447	0
1.245	0
1.2453	0
1.2456	0
1.2459	0
1.2462	0
1.2465	0
1.2468	0
1.2471	0
1.2474	0
1.2477	0
1.248	0
1.2483	0
1.2486	0
1.2489	0
1.2492	0
1.2495	0
1.2498	0
1.2501	0
1.2504	0
1.2507	0
1.251	0
1.2513	0
1.2516	0
1.2519	0
1.2522	0
1.2525	0
1.2528	0
1.2531	0
1.2534	0
1.2537	0
1.254	0
1.2543	0
1.2546	0
1.2549	0
1.2552	0
1.2555	0
1.2558	0
1.2561	0
1.2564	0
1.2567	0
1.257	0
1.2573	0
1.2576	0
1.2579	0
1.2582	0
1.2585	0
1.2588	0
1.2591	0
1.2594	0
1.2597	0
1.26	0
1.2603	0
1.2606	0
1.2609	0
1.2612	0
1.2615	0
1.2618	0
1.2621	0
1.2624	0
1.2627	0
1.263	0
1.2633	0
1.2636	0
1.2639	0
1.2642	0
1.2645	0
1.2648	0
1.2651	0
1.2654	0
1.2657	0
1.266	0
1.2663	0
1.2666	0
1.2669	0
1.2672	0
1.2675	0
1.2678	0
1.2681	0
1.2684	0
1.2687	0
1.269	0
1.2693	0
1.2696	0
1.2699	0
1.2702	0
1.2705	0
1.2708	0
1.2711	0
1.2714	0
1.2717	0
1.272	0
1.2723	0
1.2726	0
1.2729	0
1.2732	0
1.2735	0
1.2738	0
1.2741	0
1.2744	0
1.2747	0
1.275	0
1.2753	0
1.2756	0
1.2759	0
1.2762	0
1.2765	0
1.2768	0
1.2771	0
1.2774	0
1.2777	0
1.278	0
1.2783	0
1.2786	0
1.2789	0
1.2792	0
1.2795	0
1.2798	0
1.2801	0
1.2804	0
1.2807	0
1.281	0
1.2813	0
1.2816	0
1.2819	0
1.2822	0
1.2825	0
1.2828	0
1.2831	0
1.2834	0
1.2837	0
1.284	0
1.2843	0
1.2846	0
1.2849	0
1.2852	0
1.2855	0
1.2858	0
1.2861	0
1.2864	0
1.2867	0
1.287	0
1.2873	0
1.2876	0
1.2879	0
1.2882	0
1.2885	0
1.2888	0
1.2891	0
1.2894	0
1.2897	0
1.29	0
1.2903	0
1.2906	0
1.2909	0
1.2912	0
1.2915	0
1.2918	0
1.2921	0
1.2924	0
1.2927	0
1.293	0
1.2933	0
1.2936	0
1.2939	0
1.2942	0
1.2945	0
1.2948	0
1.2951	0
1.2954	0
1.2957	0
1.296	0
1.2963	0
1.2966	0
1.2969	0
1.2972	0
1.2975	0
1.2978	0
1.2981	0
1.2984	0
1.2987	0
1.299	0
1.2993	0
1.2996	0
1.2999	0
1.3002	0
1.3005	0
1.3008	0
1.3011	0
1.3014	0
1.3017	0
1.302	0
1.3023	0
1.3026	0
1.3029	0
1.3032	0
1.3035	0
1.3038	0
1.3041	0
1.3044	0
1.3047	0
1.305	0
1.3053	0
1.3056	0
1.3059	0
1.3062	0
1.3065	0
1.3068	0
1.3071	0
1.3074	0
1.3077	0
1.308	0
1.3083	0
1.3086	0
1.3089	0
1.3092	0
1.3095	0
1.3098	0
1.3101	0
1.3104	0
1.3107	0
1.311	0
1.3113	0
1.3116	0
1.3119	0
1.3122	0
1.3125	0
1.3128	0
1.3131	0
1.3134	0
1.3137	0
1.314	0
1.3143	0
1.3146	0
1.3149	0
1.3152	0
1.3155	0
1.3158	0
1.3161	0
1.3164	0
1.3167	0
1.317	0
1.3173	0
1.3176	0
1.3179	0
1.3182	0
1.3185	0
1.3188	0
1.3191	0
1.3194	0
1.3197	0
1.32	0
1.3203	0
1.3206	0
1.3209	0
1.3212	0
1.3215	0
1.3218	0
1.3221	0
1.3224	0
1.3227	0
1.323	0
1.3233	0
1.3236	0
1.3239	0
1.3242	0
1.3245	0
1.3248	0
1.3251	0
1.3254	0
1.3257	0
1.326	0
1.3263	0
1.3266	0
1.3269	0
1.3272	0
1.3275	0
1.3278	0
1.3281	0
1.3284	0
1.3287	0
1.329	0
1.3293	0
1.3296	0
1.3299	0
1.3302	0
1.3305	0
1.3308	0
1.3311	0
1.3314	0
1.3317	0
1.332	0
1.3323	0
1.3326	0
1.3329	0
1.3332	0
1.3335	0
1.3338	0
1.3341	0
1.3344	0
1.3347	0
1.335	0
1.3353	0
1.3356	0
1.3359	0
1.3362	0
1.3365	0
1.3368	0
1.3371	0
1.3374	0
1.3377	0
1.338	0
1.3383	0
1.3386	0
1.3389	0
1.3392	0
1.3395	0
1.3398	0
1.3401	0
1.3404	0
1.3407	0
1.341	0
1.3413	0
1.3416	0
1.3419	0
1.3422	0
1.3425	0
1.3428	0
1.3431	0
1.3434	0
1.3437	0
1.344	0
1.3443	0
1.3446	0
1.3449	0
1.3452	0
1.3455	0
1.3458	0
1.3461	0
1.3464	0
1.3467	0
1.347	0
1.3473	0
1.3476	0
1.3479	0
1.3482	0
1.3485	0
1.3488	0
1.3491	0
1.3494	0
1.3497	0
1.35	0
1.3503	0
1.3506	0
1.3509	0
1.3512	0
1.3515	0
1.3518	0
1.3521	0
1.3524	0
1.3527	0
1.353	0
1.3533	0
1.3536	0
1.3539	0
1.3542	0
1.3545	0
1.3548	0
1.3551	0
1.3554	0
1.3557	0
1.356	0
1.3563	0
1.3566	0
1.3569	0
1.3572	0
1.3575	0
1.3578	0
1.3581	0
1.3584	0
1.3587	0
1.359	0
1.3593	0
1.3596	0
1.3599	0
1.3602	0
1.3605	0
1.3608	0
1.3611	0
1.3614	0
1.3617	0
1.362	0
1.3623	0
1.3626	0
1.3629	0
1.3632	0
1.3635	0
1.3638	0
1.3641	0
1.3644	0
1.3647	0
1.365	0
1.3653	0
1.3656	0
1.3659	0
1.3662	0
1.3665	0
1.3668	0
1.3671	0
1.3674	0
1.3677	0
1.368	0
1.3683	0
1.3686	0
1.3689	0
1.3692	0
1.3695	0
1.3698	0
1.3701	0
1.3704	0
1.3707	0
1.371	0
1.3713	0
1.3716	0
1.3719	0
1.3722	0
1.3725	0
1.3728	0
1.3731	0
1.3734	0
1.3737	0
1.374	0
1.3743	0
1.3746	0
1.3749	0
1.3752	0
1.3755	0
1.3758	0
1.3761	0
1.3764	0
1.3767	0
1.377	0
1.3773	0
1.3776	0
1.3779	0
1.3782	0
1.3785	0
1.3788	0
1.3791	0
1.3794	0
1.3797	0
1.38	0
1.3803	0
1.3806	0
1.3809	0
1.3812	0
1.3815	0
1.3818	0
1.3821	0
1.3824	0
1.3827	0
1.383	0
1.3833	0
1.3836	0
1.3839	0
1.3842	0
1.3845	0
1.3848	0
1.3851	0
1.3854	0
1.3857	0
1.386	0
1.3863	0
1.3866	0
1.3869	0
1.3872	0
1.3875	0
1.3878	0
1.3881	0
1.3884	0
1.3887	0
1.389	0
1.3893	0
1.3896	0
1.3899	0
1.3902	0
1.3905	0
1.3908	0
1.3911	0
1.3914	0
1.3917	0
1.392	0
1.3923	0
1.3926	0
1.3929	0
1.3932	0
1.3935	0
1.3938	0
1.3941	0
1.3944	0
1.3947	0
1.395	0
1.3953	0
1.3956	0
1.3959	0
1.3962	0
1.3965	0
1.3968	0
1.3971	0
1.3974	0
1.3977	0
1.398	0
1.3983	0
1.3986	0
1.3989	0
1.3992	0
1.3995	0
1.3998	0
1.4001	0
1.4004	0
1.4007	0
1.401	0
1.4013	0
1.4016	0
1.4019	0
1.4022	0
1.4025	0
1.4028	0
1.4031	0
1.4034	0
1.4037	0
1.404	0
1.4043	0
1.4046	0
1.4049	0
1.4052	0
1.4055	0
1.4058	0
1.4061	0
1.4064	0
1.4067	0
1.407	0
1.4073	0
1.4076	0
1.4079	0
1.4082	0
1.4085	0
1.4088	0
1.4091	0
1.4094	0
1.4097	0
1.41	0
1.4103	0
1.4106	0
1.4109	0
1.4112	0
1.4115	0
1.4118	0
1.4121	0
1.4124	0
1.4127	0
1.413	0
1.4133	0
1.4136	0
1.4139	0
1.4142	0
1.4145	0
1.4148	0
1.4151	0
1.4154	0
1.4157	0
1.416	0
1.4163	0
1.4166	0
1.4169	0
1.4172	0
1.4175	0
1.4178	0
1.4181	0
1.4184	0
1.4187	0
1.419	0
1.4193	0
1.4196	0
1.4199	0
1.4202	0
1.4205	0
1.4208	0
1.4211	0
1.4214	0
1.4217	0
1.422	0
1.4223	0
1.4226	0
1.4229	0
1.4232	0
1.4235	0
1.4238	0
1.4241	0
1.4244	0
1.4247	0
1.425	0
1.4253	0
1.4256	0
1.4259	0
1.4262	0
1.4265	0
1.4268	0
1.4271	0
1.4274	0
1.4277	0
1.428	0
1.4283	0
1.4286	0
1.4289	0
1.4292	0
1.4295	0
1.4298	0
1.4301	0
1.4304	0
1.4307	0
1.431	0
1.4313	0
1.4316	0
1.4319	0
1.4322	0
1.4325	0
1.4328	0
1.4331	0
1.4334	0
1.4337	0
1.434	0
1.4343	0
1.4346	0
1.4349	0
1.4352	0
1.4355	0
1.4358	0
1.4361	0
1.4364	0
1.4367	0
1.437	0
1.4373	0
1.4376	0
1.4379	0
1.4382	0
1.4385	0
1.4388	0
1.4391	0
1.4394	0
1.4397	0
1.44	0
1.4403	0
1.4406	0
1.4409	0
1.4412	0
1.4415	0
1.4418	0
1.4421	0
1.4424	0
1.4427	0
1.443	0
1.4433	0
1.4436	0
1.4439	0
1.4442	0
1.4445	0
1.4448	0
1.4451	0
1.4454	0
1.4457	0
1.446	0
1.4463	0
1.4466	0
1.4469	0
1.4472	0
1.4475	0
1.4478	0
1.4481	0
1.4484	0
1.4487	0
1.449	0
1.4493	0
1.4496	0
1.4499	0
1.4502	0
1.4505	0
1.4508	0
1.4511	0
1.4514	0
1.4517	0
1.452	0
1.4523	0
1.4526	0
1.4529	0
1.4532	0
1.4535	0
1.4538	0
1.4541	0
1.4544	0
1.4547	0
1.455	0
1.4553	0
1.4556	0
1.4559	0
1.4562	0
1.4565	0
1.4568	0
1.4571	0
1.4574	0
1.4577	0
1.458	0
1.4583	0
1.4586	0
1.4589	0
1.4592	0
1.4595	0
1.4598	0
1.4601	0
1.4604	0
1.4607	0
1.461	0
1.4613	0
1.4616	0
1.4619	0
1.4622	0
1.4625	0
1.4628	0
1.4631	0
1.4634	0
1.4637	0
1.464	0
1.4643	0
1.4646	0
1.4649	0
1.4652	0
1.4655	0
1.4658	0
1.4661	0
1.4664	0
1.4667	0
1.467	0
1.4673	0
1.4676	0
1.4679	0
1.4682	0
1.4685	0
1.4688	0
1.4691	0
1.4694	0
1.4697	0
1.47	0
1.4703	0
1.4706	0
1.4709	0
1.4712	0
1.4715	0
1.4718	0
1.4721	0
1.4724	0
1.4727	0
1.473	0
1.4733	0
1.4736	0
1.4739	0
1.4742	0
1.4745	0
1.4748	0
1.4751	0
1.4754	0
1.4757	0
1.476	0
1.4763	0
1.4766	0
1.4769	0
1.4772	0
1.4775	0
1.4778	0
1.4781	0
1.4784	0
1.4787	0
1.479	0
1.4793	0
1.4796	0
1.4799	0
1.4802	0
1.4805	0
1.4808	0
1.4811	0
1.4814	0
1.4817	0
1.482	0
1.4823	0
1.4826	0
1.4829	0
1.4832	0
1.4835	0
1.4838	0
1.4841	0
1.4844	0
1.4847	0
1.485	0
1.4853	0
1.4856	0
1.4859	0
1.4862	0
1.4865	0
1.4868	0
1.4871	0
1.4874	0
1.4877	0
1.488	0
1.4883	0
1.4886	0
1.4889	0
1.4892	0
1.4895	0
1.4898	0
1.4901	0
1.4904	0
1.4907	0
1.491	0
1.4913	0
1.4916	0
1.4919	0
1.4922	0
1.4925	0
1.4928	0
1.4931	0
1.4934	0
1.4937	0
1.494	0
1.4943	0
1.4946	0
1.4949	0
1.4952	0
1.4955	0
1.4958	0
1.4961	0
1.4964	0
1.4967	0
1.497	0
1.4973	0
1.4976	0
1.4979	0
1.4982	0
1.4985	0
1.4988	0
1.4991	0
1.4994	0
1.4997	0
