0	0
0.0003	0
0.0006	0
0.0009	0
0.0012	0
0.0015	325
0.0018	2869
0.0021	1071
0.0024	1095
0.0027	1205
0.003	1240
0.0033	1325
0.0036	1455
0.0039	1634
0.0042	1708
0.0045	1768
0.0048	1855
0.0051	1978
0.0054	2046
0.0057	2185
0.006	2329
0.0063	2484
0.0066	2566
0.0069	2667
0.0072	3101
0.0075	2841
0.0078	2965
0.0081	3862
0.0084	10281
0.0087	3652
0.009	3440
0.0093	4333
0.0096	13039
0.0099	6023
0.0102	1899
0.0105	1801
0.0108	1950
0.0111	2739
0.0114	1818
0.0117	1682
0.012	1422
0.0123	1532
0.0126	1549
0.0129	1566
0.0132	1545
0.0135	1655
0.0138	1745
0.0141	1720
0.0144	1718
0.0147	1755
0.015	1854
0.0153	1948
0.0156	1912
0.0159	1886
0.0162	2014
0.0165	2089
0.0168	2114
0.0171	2166
0.0174	2231
0.0177	2128
0.018	2325
0.0183	2293
0.0186	2275
0.0189	2347
0.0192	2451
0.0195	2526
0.0198	2585
0.0201	2686
0.0204	2684
0.0207	2786
0.021	2857
0.0213	2868
0.0216	2784
0.0219	2985
0.0222	3077
0.0225	3167
0.0228	3090
0.0231	3211
0.0234	3278
0.0237	3187
0.024	3443
0.0243	3360
0.0246	3471
0.0249	3538
0.0252	3621
0.0255	3639
0.0258	3721
0.0261	3752
0.0264	3832
0.0267	3908
0.027	3921
0.0273	4102
0.0276	4089
0.0279	4066
0.0282	4224
0.0285	4278
0.0288	4342
0.0291	4429
0.0294	4625
0.0297	4485
0.03	4632
0.0303	4717
0.0306	4773
0.0309	4794
0.0312	4811
0.0315	4848
0.0318	4975
0.0321	5013
0.0324	4974
0.0327	5250
0.033	5234
0.0333	5268
0.0336	5439
0.0339	5394
0.0342	5430
0.0345	5488
0.0348	5510
0.0351	5667
0.0354	5655
0.0357	5821
0.036	5749
0.0363	5850
0.0366	5901
0.0369	5925
0.0372	6145
0.0375	6047
0.0378	6240
0.0381	6238
0.0384	6209
0.0387	6380
0.039	6361
0.0393	6345
0.0396	6435
0.0399	6584
0.0402	6703
0.0405	6857
0.0408	6862
0.0411	6736
0.0414	6817
0.0417	6856
0.042	7043
0.0423	7060
0.0426	7209
0.0429	7246
0.0432	7229
0.0435	7402
0.0438	7407
0.0441	7333
0.0444	7465
0.0447	7565
0.045	7535
0.0453	7620
0.0456	7674
0.0459	7826
0.0462	7830
0.0465	7949
0.0468	8177
0.0471	8101
0.0474	8224
0.0477	8137
0.048	8235
0.0483	8377
0.0486	8315
0.0489	8586
0.0492	8617
0.0495	8667
0.0498	8621
0.0501	8551
0.0504	8686
0.0507	8802
0.051	8818
0.0513	8840
0.0516	8848
0.0519	8974
0.0522	9087
0.0525	9182
0.0528	9205
0.0531	9230
0.0534	9293
0.0537	9389
0.054	9367
0.0543	9505
0.0546	9589
0.0549	9641
0.0552	9578
0.0555	9625
0.0558	9577
0.0561	9855
0.0564	9564
0.0567	226131
0.057	9749
0.0573	9532
0.0576	9810
0.0579	401815
0.0582	9649
0.0585	9445
0.0588	9509
0.0591	9608
0.0594	9725
0.0597	9571
0.06	9724
0.0603	9471
0.0606	9676
0.0609	9710
0.0612	9814
0.0615	9934
0.0618	9618
0.0621	9891
0.0624	10058
0.0627	9886
0.063	9861
0.0633	9865
0.0636	9890
0.0639	10056
0.0642	9677
0.0645	9969
0.0648	9879
0.0651	10101
0.0654	162194
0.0657	9860
0.066	12444
0.0663	9897
0.0666	9906
0.0669	10142
0.0672	45929
0.0675	17219
0.0678	2930
0.0681	2940
0.0684	3048
0.0687	3005
0.069	3031
0.0693	2991
0.0696	3024
0.0699	3013
0.0702	3111
0.0705	3086
0.0708	3013
0.0711	3007
0.0714	3047
0.0717	3033
0.072	3100
0.0723	3060
0.0726	3137
0.0729	3128
0.0732	3188
0.0735	3312
0.0738	3136
0.0741	3213
0.0744	3171
0.0747	3263
0.075	3225
0.0753	3286
0.0756	3130
0.0759	3286
0.0762	3249
0.0765	3259
0.0768	3323
0.0771	3244
0.0774	3332
0.0777	3354
0.078	3391
0.0783	3410
0.0786	3352
0.0789	3528
0.0792	3353
0.0795	3414
0.0798	3430
0.0801	3505
0.0804	3464
0.0807	3522
0.081	3481
0.0813	3518
0.0816	3541
0.0819	3518
0.0822	3574
0.0825	3526
0.0828	3515
0.0831	3559
0.0834	3677
0.0837	3556
0.084	3555
0.0843	3679
0.0846	3597
0.0849	3577
0.0852	3634
0.0855	3573
0.0858	3642
0.0861	3676
0.0864	3575
0.0867	3641
0.087	3750
0.0873	3740
0.0876	3724
0.0879	3789
0.0882	3724
0.0885	3622
0.0888	3660
0.0891	3738
0.0894	3750
0.0897	3798
0.09	3797
0.0903	3861
0.0906	3853
0.0909	3769
0.0912	3796
0.0915	3855
0.0918	3785
0.0921	3929
0.0924	3738
0.0927	3878
0.093	3822
0.0933	3914
0.0936	3721
0.0939	3843
0.0942	3961
0.0945	3912
0.0948	3885
0.0951	3984
0.0954	4063
0.0957	3904
0.096	3971
0.0963	3962
0.0966	3966
0.0969	4060
0.0972	4010
0.0975	3965
0.0978	4017
0.0981	4013
0.0984	4018
0.0987	3992
0.099	4077
0.0993	4174
0.0996	4008
0.0999	4017
0.1002	3954
0.1005	4109
0.1008	3910
0.1011	4034
0.1014	3909
0.1017	4094
0.102	4084
0.1023	3977
0.1026	4043
0.1029	3982
0.1032	4084
0.1035	4164
0.1038	4052
0.1041	4011
0.1044	4218
0.1047	4201
0.105	4140
0.1053	4100
0.1056	4182
0.1059	4159
0.1062	4114
0.1065	4024
0.1068	4162
0.1071	4182
0.1074	4160
0.1077	4257
0.108	4067
0.1083	4099
0.1086	4181
0.1089	4114
0.1092	4233
0.1095	4198
0.1098	4162
0.1101	4260
0.1104	4246
0.1107	4087
0.111	4219
0.1113	4247
0.1116	4262
0.1119	4327
0.1122	4212
0.1125	4305
0.1128	4236
0.1131	4244
0.1134	4198
0.1137	4181
0.114	4148
0.1143	4217
0.1146	4289
0.1149	4248
0.1152	4226
0.1155	4184
0.1158	4169
0.1161	4194
0.1164	4230
0.1167	4233
0.117	4223
0.1173	4397
0.1176	4197
0.1179	4218
0.1182	4274
0.1185	4376
0.1188	4236
0.1191	4231
0.1194	4310
0.1197	4303
0.12	4257
0.1203	4149
0.1206	4309
0.1209	4304
0.1212	4345
0.1215	4226
0.1218	4262
0.1221	4106
0.1224	4253
0.1227	4256
0.123	4195
0.1233	4410
0.1236	4283
0.1239	4266
0.1242	4202
0.1245	4238
0.1248	4396
0.1251	4365
0.1254	4311
0.1257	4211
0.126	4193
0.1263	4164
0.1266	4222
0.1269	4269
0.1272	4170
0.1275	4128
0.1278	4254
0.1281	4160
0.1284	4237
0.1287	4202
0.129	4221
0.1293	4282
0.1296	4268
0.1299	4227
0.1302	4287
0.1305	4170
0.1308	4375
0.1311	4141
0.1314	4219
0.1317	4253
0.132	4254
0.1323	4231
0.1326	4337
0.1329	4141
0.1332	4232
0.1335	4170
0.1338	4175
0.1341	4363
0.1344	4229
0.1347	4181
0.135	4251
0.1353	4240
0.1356	4134
0.1359	4206
0.1362	4238
0.1365	4237
0.1368	4220
0.1371	4161
0.1374	4086
0.1377	4145
0.138	4242
0.1383	4261
0.1386	4229
0.1389	4064
0.1392	4194
0.1395	4151
0.1398	4223
0.1401	4119
0.1404	4281
0.1407	4156
0.141	4224
0.1413	4248
0.1416	4110
0.1419	4194
0.1422	4113
0.1425	4042
0.1428	4141
0.1431	4090
0.1434	4007
0.1437	4157
0.144	4173
0.1443	4065
0.1446	4099
0.1449	4092
0.1452	4118
0.1455	4148
0.1458	4117
0.1461	4156
0.1464	4081
0.1467	4075
0.147	4081
0.1473	4049
0.1476	4090
0.1479	4078
0.1482	4092
0.1485	4064
0.1488	4003
0.1491	4063
0.1494	3961
0.1497	4078
0.15	4124
0.1503	4139
0.1506	4035
0.1509	4045
0.1512	4007
0.1515	4138
0.1518	4050
0.1521	4097
0.1524	4084
0.1527	3954
0.153	3978
0.1533	3951
0.1536	3926
0.1539	3957
0.1542	3940
0.1545	3978
0.1548	4010
0.1551	3951
0.1554	3957
0.1557	4020
0.156	4069
0.1563	3991
0.1566	3986
0.1569	4007
0.1572	4052
0.1575	3953
0.1578	3948
0.1581	3844
0.1584	3925
0.1587	3994
0.159	3881
0.1593	3912
0.1596	3904
0.1599	3900
0.1602	3784
0.1605	3958
0.1608	3813
0.1611	3976
0.1614	3893
0.1617	3863
0.162	3808
0.1623	3862
0.1626	3898
0.1629	3885
0.1632	3883
0.1635	3840
0.1638	3916
0.1641	3871
0.1644	3923
0.1647	3868
0.165	3824
0.1653	3771
0.1656	3903
0.1659	3835
0.1662	3807
0.1665	3764
0.1668	3913
0.1671	3789
0.1674	3708
0.1677	3699
0.168	3746
0.1683	3664
0.1686	3780
0.1689	3729
0.1692	3748
0.1695	3677
0.1698	3720
0.1701	3723
0.1704	3638
0.1707	3653
0.171	3768
0.1713	3689
0.1716	3625
0.1719	3764
0.1722	3749
0.1725	3736
0.1728	3657
0.1731	3753
0.1734	3776
0.1737	3593
0.174	3718
0.1743	3586
0.1746	3669
0.1749	3653
0.1752	3694
0.1755	3667
0.1758	3660
0.1761	3563
0.1764	3631
0.1767	3617
0.177	3614
0.1773	3511
0.1776	3542
0.1779	3613
0.1782	3631
0.1785	3518
0.1788	3590
0.1791	3630
0.1794	3527
0.1797	3523
0.18	3516
0.1803	3525
0.1806	3582
0.1809	3586
0.1812	3546
0.1815	3549
0.1818	3495
0.1821	3574
0.1824	3523
0.1827	3419
0.183	3531
0.1833	3477
0.1836	3470
0.1839	3522
0.1842	3466
0.1845	3375
0.1848	3425
0.1851	3506
0.1854	3458
0.1857	3460
0.186	3444
0.1863	3428
0.1866	3440
0.1869	3536
0.1872	3423
0.1875	3366
0.1878	3358
0.1881	3359
0.1884	3254
0.1887	3301
0.189	3429
0.1893	3346
0.1896	3427
0.1899	3323
0.1902	3354
0.1905	3512
0.1908	3370
0.1911	3262
0.1914	3329
0.1917	3351
0.192	3293
0.1923	3356
0.1926	3331
0.1929	3295
0.1932	3309
0.1935	3240
0.1938	3245
0.1941	3362
0.1944	3184
0.1947	3237
0.195	3322
0.1953	3263
0.1956	3215
0.1959	3314
0.1962	3238
0.1965	3287
0.1968	3215
0.1971	3240
0.1974	3223
0.1977	3244
0.198	3224
0.1983	3236
0.1986	3183
0.1989	3199
0.1992	3201
0.1995	3105
0.1998	3302
0.2001	3199
0.2004	3199
0.2007	3273
0.201	3202
0.2013	3198
0.2016	3148
0.2019	3203
0.2022	3166
0.2025	3115
0.2028	3189
0.2031	3074
0.2034	3151
0.2037	3125
0.204	3114
0.2043	3100
0.2046	3125
0.2049	3005
0.2052	3054
0.2055	3165
0.2058	3130
0.2061	3018
0.2064	3018
0.2067	3052
0.207	2959
0.2073	3161
0.2076	3081
0.2079	2993
0.2082	3058
0.2085	3090
0.2088	2939
0.2091	2993
0.2094	3032
0.2097	3062
0.21	3077
0.2103	2955
0.2106	2960
0.2109	2983
0.2112	2935
0.2115	2955
0.2118	2956
0.2121	2982
0.2124	2926
0.2127	2935
0.213	2921
0.2133	2941
0.2136	2879
0.2139	2993
0.2142	3011
0.2145	2939
0.2148	2945
0.2151	2870
0.2154	2869
0.2157	2862
0.216	2848
0.2163	2835
0.2166	2815
0.2169	2949
0.2172	2809
0.2175	2768
0.2178	2821
0.2181	2989
0.2184	2814
0.2187	2921
0.219	2817
0.2193	2750
0.2196	2845
0.2199	2857
0.2202	2766
0.2205	2764
0.2208	2818
0.2211	2812
0.2214	2857
0.2217	2787
0.222	2872
0.2223	2802
0.2226	2801
0.2229	2705
0.2232	2763
0.2235	2875
0.2238	2703
0.2241	2735
0.2244	2660
0.2247	2734
0.225	2766
0.2253	2694
0.2256	2696
0.2259	2688
0.2262	2677
0.2265	2757
0.2268	2692
0.2271	2695
0.2274	2645
0.2277	2771
0.228	2673
0.2283	2671
0.2286	2709
0.2289	2692
0.2292	2664
0.2295	2607
0.2298	2676
0.2301	2572
0.2304	2603
0.2307	2597
0.231	2629
0.2313	2628
0.2316	2680
0.2319	2673
0.2322	2631
0.2325	2576
0.2328	2750
0.2331	2538
0.2334	2589
0.2337	2556
0.234	2457
0.2343	2546
0.2346	2509
0.2349	2599
0.2352	2612
0.2355	2558
0.2358	2546
0.2361	2464
0.2364	2504
0.2367	2612
0.237	2456
0.2373	2540
0.2376	2529
0.2379	2489
0.2382	2576
0.2385	2502
0.2388	2572
0.2391	2456
0.2394	2470
0.2397	2516
0.24	2562
0.2403	2514
0.2406	2473
0.2409	2522
0.2412	2465
0.2415	2426
0.2418	2473
0.2421	2447
0.2424	2470
0.2427	2399
0.243	2449
0.2433	2471
0.2436	2461
0.2439	2471
0.2442	2447
0.2445	2485
0.2448	2416
0.2451	2501
0.2454	2433
0.2457	2487
0.246	2402
0.2463	2377
0.2466	2420
0.2469	2402
0.2472	2329
0.2475	2400
0.2478	2375
0.2481	2331
0.2484	2360
0.2487	2453
0.249	2384
0.2493	2311
0.2496	2325
0.2499	2293
0.2502	2311
0.2505	2230
0.2508	2388
0.2511	2298
0.2514	2383
0.2517	2290
0.252	2342
0.2523	2307
0.2526	2291
0.2529	2302
0.2532	2277
0.2535	2312
0.2538	2244
0.2541	2304
0.2544	2284
0.2547	2259
0.255	2292
0.2553	2218
0.2556	2236
0.2559	2366
0.2562	2246
0.2565	2162
0.2568	2229
0.2571	2236
0.2574	2261
0.2577	2176
0.258	2270
0.2583	2323
0.2586	2232
0.2589	2288
0.2592	2185
0.2595	2237
0.2598	2172
0.2601	2282
0.2604	2280
0.2607	2138
0.261	2225
0.2613	2195
0.2616	2176
0.2619	2162
0.2622	2254
0.2625	2154
0.2628	2127
0.2631	2158
0.2634	2194
0.2637	2129
0.264	2129
0.2643	2230
0.2646	2097
0.2649	2204
0.2652	2054
0.2655	2207
0.2658	2149
0.2661	2108
0.2664	2084
0.2667	2153
0.267	2168
0.2673	2166
0.2676	2101
0.2679	2094
0.2682	2124
0.2685	2090
0.2688	2122
0.2691	2094
0.2694	2114
0.2697	2034
0.27	2104
0.2703	2094
0.2706	2057
0.2709	1997
0.2712	2213
0.2715	2057
0.2718	2095
0.2721	2099
0.2724	2026
0.2727	2193
0.273	2142
0.2733	2081
0.2736	2016
0.2739	2002
0.2742	2048
0.2745	2053
0.2748	2050
0.2751	2079
0.2754	2047
0.2757	2041
0.276	2082
0.2763	2032
0.2766	1995
0.2769	2083
0.2772	1982
0.2775	1932
0.2778	1937
0.2781	1943
0.2784	1919
0.2787	2047
0.279	1922
0.2793	1979
0.2796	1958
0.2799	1948
0.2802	1974
0.2805	1909
0.2808	1970
0.2811	1975
0.2814	1991
0.2817	1873
0.282	1939
0.2823	1921
0.2826	1923
0.2829	1874
0.2832	1979
0.2835	1960
0.2838	1881
0.2841	1852
0.2844	1965
0.2847	1825
0.285	1882
0.2853	1957
0.2856	1922
0.2859	1855
0.2862	1866
0.2865	1940
0.2868	1877
0.2871	1919
0.2874	1871
0.2877	1918
0.288	1850
0.2883	1931
0.2886	1892
0.2889	1852
0.2892	1799
0.2895	1823
0.2898	1843
0.2901	1847
0.2904	1886
0.2907	1840
0.291	1849
0.2913	1805
0.2916	1835
0.2919	1832
0.2922	1778
0.2925	1876
0.2928	1871
0.2931	1838
0.2934	1821
0.2937	1793
0.294	1814
0.2943	1747
0.2946	1896
0.2949	1775
0.2952	1745
0.2955	1886
0.2958	1816
0.2961	1805
0.2964	1757
0.2967	1804
0.297	1768
0.2973	1810
0.2976	1840
0.2979	1824
0.2982	1767
0.2985	1757
0.2988	1750
0.2991	1727
0.2994	1784
0.2997	1789
0.3	1723
0.3003	1726
0.3006	1678
0.3009	1711
0.3012	1771
0.3015	1736
0.3018	1783
0.3021	1715
0.3024	1749
0.3027	1750
0.303	1661
0.3033	1666
0.3036	1723
0.3039	1721
0.3042	1736
0.3045	1679
0.3048	1651
0.3051	1804
0.3054	1666
0.3057	1715
0.306	1640
0.3063	1664
0.3066	1716
0.3069	1734
0.3072	1693
0.3075	1626
0.3078	1644
0.3081	1669
0.3084	1630
0.3087	1603
0.309	1693
0.3093	1639
0.3096	1660
0.3099	1600
0.3102	1663
0.3105	1662
0.3108	1618
0.3111	1543
0.3114	1624
0.3117	1680
0.312	1591
0.3123	1602
0.3126	1615
0.3129	1579
0.3132	1603
0.3135	1543
0.3138	1634
0.3141	1613
0.3144	1618
0.3147	1630
0.315	1579
0.3153	1531
0.3156	1560
0.3159	1583
0.3162	1569
0.3165	1494
0.3168	1578
0.3171	1519
0.3174	1603
0.3177	1552
0.318	1579
0.3183	1550
0.3186	1612
0.3189	1551
0.3192	1542
0.3195	1588
0.3198	1576
0.3201	1502
0.3204	1503
0.3207	1538
0.321	1549
0.3213	1493
0.3216	1604
0.3219	1569
0.3222	1518
0.3225	1494
0.3228	1483
0.3231	1518
0.3234	1445
0.3237	1512
0.324	1496
0.3243	1521
0.3246	1526
0.3249	1557
0.3252	1547
0.3255	1504
0.3258	1506
0.3261	1517
0.3264	1508
0.3267	1428
0.327	1493
0.3273	1513
0.3276	1497
0.3279	1496
0.3282	1552
0.3285	1363
0.3288	1548
0.3291	1436
0.3294	1437
0.3297	1438
0.33	1515
0.3303	1442
0.3306	1454
0.3309	1439
0.3312	1480
0.3315	1394
0.3318	1465
0.3321	1374
0.3324	1423
0.3327	1492
0.333	1406
0.3333	1404
0.3336	1392
0.3339	1422
0.3342	1462
0.3345	1462
0.3348	1431
0.3351	1491
0.3354	1400
0.3357	1394
0.336	1443
0.3363	1409
0.3366	1457
0.3369	1383
0.3372	1377
0.3375	1433
0.3378	1325
0.3381	1365
0.3384	1348
0.3387	1399
0.339	1399
0.3393	1404
0.3396	1401
0.3399	1438
0.3402	1309
0.3405	1341
0.3408	1340
0.3411	1357
0.3414	1384
0.3417	1320
0.342	1417
0.3423	1418
0.3426	1325
0.3429	1350
0.3432	1310
0.3435	1474
0.3438	1385
0.3441	1348
0.3444	1339
0.3447	1342
0.345	1370
0.3453	1303
0.3456	1309
0.3459	1295
0.3462	1290
0.3465	1381
0.3468	1351
0.3471	1254
0.3474	1302
0.3477	1298
0.348	1324
0.3483	1275
0.3486	1226
0.3489	1303
0.3492	1348
0.3495	1252
0.3498	1334
0.3501	1332
0.3504	1221
0.3507	1233
0.351	1321
0.3513	1294
0.3516	1276
0.3519	1250
0.3522	1277
0.3525	1266
0.3528	1214
0.3531	1242
0.3534	1293
0.3537	1243
0.354	1245
0.3543	1254
0.3546	1303
0.3549	1302
0.3552	1220
0.3555	1297
0.3558	1222
0.3561	1301
0.3564	1326
0.3567	1237
0.357	1227
0.3573	1293
0.3576	1205
0.3579	1256
0.3582	1209
0.3585	1194
0.3588	1186
0.3591	1262
0.3594	1148
0.3597	1245
0.36	1198
0.3603	1206
0.3606	1196
0.3609	1321
0.3612	1271
0.3615	1250
0.3618	1266
0.3621	1167
0.3624	1230
0.3627	1229
0.363	1182
0.3633	1235
0.3636	1224
0.3639	1207
0.3642	1178
0.3645	1164
0.3648	1202
0.3651	1146
0.3654	1185
0.3657	1187
0.366	1147
0.3663	1188
0.3666	1144
0.3669	1153
0.3672	1157
0.3675	1202
0.3678	1140
0.3681	1139
0.3684	1200
0.3687	1128
0.369	1160
0.3693	1092
0.3696	1130
0.3699	1142
0.3702	1189
0.3705	1149
0.3708	1113
0.3711	1147
0.3714	1155
0.3717	1143
0.372	1077
0.3723	1156
0.3726	1115
0.3729	1160
0.3732	1132
0.3735	1096
0.3738	1111
0.3741	1186
0.3744	1083
0.3747	1090
0.375	1074
0.3753	1146
0.3756	1143
0.3759	1112
0.3762	1097
0.3765	1109
0.3768	1123
0.3771	1140
0.3774	1036
0.3777	1090
0.378	1076
0.3783	1051
0.3786	1078
0.3789	1070
0.3792	1050
0.3795	1062
0.3798	1078
0.3801	1108
0.3804	1027
0.3807	1107
0.381	1079
0.3813	1101
0.3816	1071
0.3819	1129
0.3822	1082
0.3825	1115
0.3828	1086
0.3831	1064
0.3834	1065
0.3837	1059
0.384	1044
0.3843	1070
0.3846	1044
0.3849	1076
0.3852	1089
0.3855	1040
0.3858	1077
0.3861	999
0.3864	1059
0.3867	1046
0.387	1036
0.3873	1040
0.3876	1024
0.3879	1084
0.3882	1002
0.3885	1065
0.3888	1077
0.3891	1075
0.3894	1000
0.3897	1111
0.39	1033
0.3903	1040
0.3906	1066
0.3909	992
0.3912	980
0.3915	1021
0.3918	1022
0.3921	993
0.3924	1000
0.3927	974
0.393	1014
0.3933	992
0.3936	1019
0.3939	1056
0.3942	926
0.3945	986
0.3948	951
0.3951	1014
0.3954	982
0.3957	1026
0.396	1002
0.3963	1009
0.3966	1004
0.3969	1012
0.3972	977
0.3975	1056
0.3978	1038
0.3981	959
0.3984	979
0.3987	999
0.399	958
0.3993	960
0.3996	979
0.3999	893
0.4002	915
0.4005	924
0.4008	987
0.4011	951
0.4014	931
0.4017	998
0.402	920
0.4023	970
0.4026	1017
0.4029	941
0.4032	921
0.4035	943
0.4038	916
0.4041	989
0.4044	975
0.4047	943
0.405	959
0.4053	935
0.4056	915
0.4059	934
0.4062	935
0.4065	970
0.4068	915
0.4071	944
0.4074	919
0.4077	913
0.408	918
0.4083	1005
0.4086	854
0.4089	890
0.4092	927
0.4095	874
0.4098	902
0.4101	943
0.4104	906
0.4107	902
0.411	883
0.4113	869
0.4116	930
0.4119	915
0.4122	893
0.4125	913
0.4128	935
0.4131	888
0.4134	883
0.4137	903
0.414	922
0.4143	892
0.4146	880
0.4149	932
0.4152	857
0.4155	834
0.4158	885
0.4161	849
0.4164	895
0.4167	877
0.417	901
0.4173	860
0.4176	800
0.4179	901
0.4182	945
0.4185	847
0.4188	919
0.4191	899
0.4194	821
0.4197	919
0.42	901
0.4203	818
0.4206	828
0.4209	897
0.4212	897
0.4215	893
0.4218	830
0.4221	818
0.4224	806
0.4227	832
0.423	849
0.4233	818
0.4236	907
0.4239	816
0.4242	834
0.4245	859
0.4248	815
0.4251	892
0.4254	898
0.4257	766
0.426	822
0.4263	816
0.4266	881
0.4269	821
0.4272	758
0.4275	826
0.4278	796
0.4281	827
0.4284	799
0.4287	773
0.429	830
0.4293	826
0.4296	816
0.4299	796
0.4302	796
0.4305	821
0.4308	797
0.4311	809
0.4314	816
0.4317	837
0.432	786
0.4323	830
0.4326	800
0.4329	768
0.4332	815
0.4335	780
0.4338	765
0.4341	731
0.4344	857
0.4347	805
0.435	801
0.4353	786
0.4356	767
0.4359	758
0.4362	769
0.4365	814
0.4368	763
0.4371	752
0.4374	769
0.4377	772
0.438	759
0.4383	782
0.4386	787
0.4389	750
0.4392	763
0.4395	764
0.4398	691
0.4401	748
0.4404	688
0.4407	785
0.441	750
0.4413	715
0.4416	765
0.4419	753
0.4422	742
0.4425	772
0.4428	738
0.4431	702
0.4434	751
0.4437	785
0.444	775
0.4443	793
0.4446	747
0.4449	715
0.4452	775
0.4455	714
0.4458	723
0.4461	763
0.4464	722
0.4467	697
0.447	729
0.4473	739
0.4476	756
0.4479	721
0.4482	686
0.4485	722
0.4488	718
0.4491	708
0.4494	757
0.4497	724
0.45	737
0.4503	720
0.4506	722
0.4509	707
0.4512	704
0.4515	745
0.4518	699
0.4521	719
0.4524	719
0.4527	725
0.453	682
0.4533	655
0.4536	665
0.4539	722
0.4542	698
0.4545	667
0.4548	675
0.4551	694
0.4554	705
0.4557	704
0.456	706
0.4563	711
0.4566	661
0.4569	698
0.4572	721
0.4575	684
0.4578	674
0.4581	709
0.4584	682
0.4587	699
0.459	664
0.4593	670
0.4596	693
0.4599	678
0.4602	674
0.4605	649
0.4608	686
0.4611	691
0.4614	631
0.4617	666
0.462	664
0.4623	689
0.4626	655
0.4629	674
0.4632	644
0.4635	655
0.4638	682
0.4641	653
0.4644	653
0.4647	650
0.465	634
0.4653	649
0.4656	672
0.4659	619
0.4662	650
0.4665	644
0.4668	685
0.4671	638
0.4674	639
0.4677	672
0.468	633
0.4683	632
0.4686	624
0.4689	680
0.4692	626
0.4695	675
0.4698	614
0.4701	604
0.4704	650
0.4707	655
0.471	663
0.4713	626
0.4716	622
0.4719	636
0.4722	610
0.4725	635
0.4728	559
0.4731	634
0.4734	622
0.4737	619
0.474	642
0.4743	619
0.4746	623
0.4749	630
0.4752	615
0.4755	635
0.4758	617
0.4761	576
0.4764	600
0.4767	628
0.477	644
0.4773	629
0.4776	565
0.4779	594
0.4782	589
0.4785	587
0.4788	609
0.4791	653
0.4794	598
0.4797	621
0.48	613
0.4803	612
0.4806	576
0.4809	592
0.4812	600
0.4815	570
0.4818	585
0.4821	583
0.4824	633
0.4827	597
0.483	597
0.4833	613
0.4836	578
0.4839	578
0.4842	630
0.4845	602
0.4848	559
0.4851	586
0.4854	590
0.4857	563
0.486	549
0.4863	590
0.4866	555
0.4869	615
0.4872	562
0.4875	573
0.4878	609
0.4881	581
0.4884	602
0.4887	571
0.489	549
0.4893	578
0.4896	572
0.4899	554
0.4902	610
0.4905	572
0.4908	586
0.4911	534
0.4914	546
0.4917	551
0.492	510
0.4923	559
0.4926	535
0.4929	564
0.4932	574
0.4935	589
0.4938	547
0.4941	563
0.4944	527
0.4947	561
0.495	560
0.4953	568
0.4956	512
0.4959	575
0.4962	535
0.4965	587
0.4968	571
0.4971	553
0.4974	523
0.4977	543
0.498	557
0.4983	565
0.4986	566
0.4989	555
0.4992	540
0.4995	542
0.4998	546
0.5001	575
0.5004	553
0.5007	531
0.501	543
0.5013	543
0.5016	509
0.5019	533
0.5022	500
0.5025	528
0.5028	547
0.5031	528
0.5034	547
0.5037	561
0.504	480
0.5043	525
0.5046	527
0.5049	505
0.5052	528
0.5055	504
0.5058	508
0.5061	579
0.5064	533
0.5067	514
0.507	517
0.5073	551
0.5076	502
0.5079	517
0.5082	563
0.5085	535
0.5088	564
0.5091	461
0.5094	518
0.5097	516
0.51	538
0.5103	496
0.5106	530
0.5109	500
0.5112	541
0.5115	478
0.5118	491
0.5121	503
0.5124	483
0.5127	457
0.513	501
0.5133	456
0.5136	492
0.5139	497
0.5142	501
0.5145	491
0.5148	504
0.5151	523
0.5154	494
0.5157	460
0.516	494
0.5163	517
0.5166	477
0.5169	486
0.5172	486
0.5175	465
0.5178	511
0.5181	499
0.5184	523
0.5187	466
0.519	466
0.5193	475
0.5196	484
0.5199	483
0.5202	524
0.5205	468
0.5208	482
0.5211	448
0.5214	515
0.5217	478
0.522	437
0.5223	509
0.5226	459
0.5229	449
0.5232	471
0.5235	514
0.5238	436
0.5241	452
0.5244	473
0.5247	440
0.525	519
0.5253	438
0.5256	462
0.5259	472
0.5262	484
0.5265	478
0.5268	419
0.5271	440
0.5274	498
0.5277	470
0.528	447
0.5283	450
0.5286	462
0.5289	466
0.5292	433
0.5295	454
0.5298	443
0.5301	430
0.5304	444
0.5307	451
0.531	413
0.5313	430
0.5316	429
0.5319	453
0.5322	436
0.5325	422
0.5328	444
0.5331	459
0.5334	410
0.5337	479
0.534	407
0.5343	422
0.5346	428
0.5349	470
0.5352	411
0.5355	435
0.5358	422
0.5361	449
0.5364	429
0.5367	422
0.537	423
0.5373	466
0.5376	446
0.5379	412
0.5382	425
0.5385	424
0.5388	402
0.5391	401
0.5394	457
0.5397	430
0.54	427
0.5403	429
0.5406	423
0.5409	434
0.5412	450
0.5415	399
0.5418	409
0.5421	441
0.5424	414
0.5427	414
0.543	405
0.5433	378
0.5436	451
0.5439	407
0.5442	415
0.5445	428
0.5448	425
0.5451	420
0.5454	403
0.5457	409
0.546	400
0.5463	393
0.5466	398
0.5469	391
0.5472	409
0.5475	396
0.5478	440
0.5481	443
0.5484	410
0.5487	372
0.549	397
0.5493	373
0.5496	347
0.5499	388
0.5502	412
0.5505	387
0.5508	368
0.5511	420
0.5514	377
0.5517	395
0.552	400
0.5523	375
0.5526	381
0.5529	389
0.5532	356
0.5535	403
0.5538	407
0.5541	415
0.5544	350
0.5547	360
0.555	398
0.5553	405
0.5556	361
0.5559	369
0.5562	419
0.5565	374
0.5568	332
0.5571	371
0.5574	362
0.5577	396
0.558	383
0.5583	360
0.5586	377
0.5589	404
0.5592	398
0.5595	366
0.5598	395
0.5601	374
0.5604	351
0.5607	352
0.561	339
0.5613	370
0.5616	347
0.5619	333
0.5622	332
0.5625	381
0.5628	363
0.5631	351
0.5634	376
0.5637	366
0.564	344
0.5643	348
0.5646	330
0.5649	362
0.5652	348
0.5655	352
0.5658	347
0.5661	331
0.5664	363
0.5667	348
0.567	340
0.5673	354
0.5676	340
0.5679	323
0.5682	365
0.5685	325
0.5688	344
0.5691	365
0.5694	369
0.5697	325
0.57	360
0.5703	335
0.5706	366
0.5709	360
0.5712	364
0.5715	313
0.5718	326
0.5721	365
0.5724	353
0.5727	367
0.573	306
0.5733	341
0.5736	325
0.5739	325
0.5742	340
0.5745	381
0.5748	338
0.5751	359
0.5754	340
0.5757	354
0.576	366
0.5763	302
0.5766	348
0.5769	329
0.5772	355
0.5775	355
0.5778	281
0.5781	336
0.5784	338
0.5787	335
0.579	283
0.5793	310
0.5796	331
0.5799	314
0.5802	339
0.5805	331
0.5808	311
0.5811	352
0.5814	329
0.5817	350
0.582	280
0.5823	308
0.5826	316
0.5829	324
0.5832	311
0.5835	334
0.5838	327
0.5841	337
0.5844	312
0.5847	295
0.585	305
0.5853	311
0.5856	310
0.5859	316
0.5862	293
0.5865	339
0.5868	317
0.5871	288
0.5874	272
0.5877	300
0.588	296
0.5883	300
0.5886	289
0.5889	303
0.5892	317
0.5895	292
0.5898	321
0.5901	297
0.5904	300
0.5907	287
0.591	327
0.5913	329
0.5916	259
0.5919	297
0.5922	289
0.5925	336
0.5928	301
0.5931	288
0.5934	273
0.5937	284
0.594	307
0.5943	280
0.5946	287
0.5949	288
0.5952	327
0.5955	297
0.5958	288
0.5961	286
0.5964	330
0.5967	266
0.597	311
0.5973	270
0.5976	265
0.5979	271
0.5982	245
0.5985	285
0.5988	285
0.5991	286
0.5994	273
0.5997	309
0.6	285
0.6003	286
0.6006	286
0.6009	270
0.6012	273
0.6015	250
0.6018	270
0.6021	281
0.6024	277
0.6027	281
0.603	294
0.6033	260
0.6036	264
0.6039	299
0.6042	282
0.6045	262
0.6048	281
0.6051	263
0.6054	266
0.6057	292
0.606	274
0.6063	258
0.6066	260
0.6069	243
0.6072	251
0.6075	241
0.6078	248
0.6081	261
0.6084	234
0.6087	282
0.609	252
0.6093	283
0.6096	248
0.6099	263
0.6102	271
0.6105	262
0.6108	284
0.6111	221
0.6114	260
0.6117	288
0.612	272
0.6123	260
0.6126	250
0.6129	231
0.6132	272
0.6135	236
0.6138	250
0.6141	248
0.6144	233
0.6147	255
0.615	280
0.6153	246
0.6156	278
0.6159	231
0.6162	260
0.6165	239
0.6168	268
0.6171	228
0.6174	244
0.6177	291
0.618	218
0.6183	236
0.6186	246
0.6189	234
0.6192	251
0.6195	272
0.6198	243
0.6201	244
0.6204	246
0.6207	229
0.621	236
0.6213	255
0.6216	249
0.6219	251
0.6222	240
0.6225	233
0.6228	225
0.6231	235
0.6234	221
0.6237	228
0.624	219
0.6243	229
0.6246	236
0.6249	234
0.6252	259
0.6255	219
0.6258	231
0.6261	229
0.6264	239
0.6267	227
0.627	245
0.6273	230
0.6276	242
0.6279	225
0.6282	188
0.6285	219
0.6288	236
0.6291	240
0.6294	237
0.6297	270
0.63	205
0.6303	238
0.6306	234
0.6309	209
0.6312	227
0.6315	212
0.6318	222
0.6321	242
0.6324	202
0.6327	224
0.633	219
0.6333	230
0.6336	200
0.6339	214
0.6342	183
0.6345	223
0.6348	213
0.6351	214
0.6354	238
0.6357	216
0.636	220
0.6363	212
0.6366	190
0.6369	202
0.6372	201
0.6375	188
0.6378	201
0.6381	206
0.6384	203
0.6387	198
0.639	224
0.6393	204
0.6396	207
0.6399	240
0.6402	209
0.6405	203
0.6408	195
0.6411	209
0.6414	214
0.6417	227
0.642	201
0.6423	200
0.6426	223
0.6429	210
0.6432	181
0.6435	205
0.6438	203
0.6441	205
0.6444	193
0.6447	218
0.645	192
0.6453	178
0.6456	215
0.6459	197
0.6462	203
0.6465	188
0.6468	192
0.6471	188
0.6474	188
0.6477	176
0.648	195
0.6483	214
0.6486	165
0.6489	184
0.6492	206
0.6495	189
0.6498	199
0.6501	196
0.6504	195
0.6507	189
0.651	190
0.6513	156
0.6516	184
0.6519	206
0.6522	174
0.6525	199
0.6528	169
0.6531	191
0.6534	159
0.6537	185
0.654	189
0.6543	187
0.6546	179
0.6549	187
0.6552	177
0.6555	201
0.6558	190
0.6561	172
0.6564	174
0.6567	158
0.657	198
0.6573	195
0.6576	197
0.6579	198
0.6582	155
0.6585	184
0.6588	176
0.6591	183
0.6594	162
0.6597	174
0.66	170
0.6603	180
0.6606	160
0.6609	174
0.6612	173
0.6615	162
0.6618	189
0.6621	145
0.6624	187
0.6627	179
0.663	141
0.6633	173
0.6636	187
0.6639	154
0.6642	185
0.6645	137
0.6648	181
0.6651	171
0.6654	172
0.6657	156
0.666	183
0.6663	172
0.6666	163
0.6669	189
0.6672	162
0.6675	158
0.6678	161
0.6681	187
0.6684	171
0.6687	154
0.669	177
0.6693	171
0.6696	177
0.6699	147
0.6702	144
0.6705	170
0.6708	130
0.6711	141
0.6714	159
0.6717	157
0.672	157
0.6723	154
0.6726	149
0.6729	168
0.6732	165
0.6735	179
0.6738	161
0.6741	132
0.6744	152
0.6747	143
0.675	155
0.6753	155
0.6756	156
0.6759	138
0.6762	151
0.6765	136
0.6768	137
0.6771	153
0.6774	155
0.6777	154
0.678	122
0.6783	134
0.6786	146
0.6789	136
0.6792	142
0.6795	153
0.6798	151
0.6801	139
0.6804	147
0.6807	139
0.681	124
0.6813	149
0.6816	146
0.6819	133
0.6822	131
0.6825	147
0.6828	133
0.6831	135
0.6834	160
0.6837	139
0.684	153
0.6843	152
0.6846	179
0.6849	141
0.6852	127
0.6855	147
0.6858	133
0.6861	131
0.6864	133
0.6867	131
0.687	149
0.6873	141
0.6876	121
0.6879	151
0.6882	129
0.6885	122
0.6888	127
0.6891	170
0.6894	130
0.6897	141
0.69	123
0.6903	156
0.6906	141
0.6909	125
0.6912	119
0.6915	138
0.6918	136
0.6921	118
0.6924	138
0.6927	122
0.693	136
0.6933	127
0.6936	139
0.6939	144
0.6942	132
0.6945	127
0.6948	118
0.6951	121
0.6954	131
0.6957	117
0.696	118
0.6963	141
0.6966	116
0.6969	117
0.6972	113
0.6975	117
0.6978	114
0.6981	122
0.6984	123
0.6987	123
0.699	125
0.6993	124
0.6996	111
0.6999	135
0.7002	134
0.7005	115
0.7008	109
0.7011	115
0.7014	100
0.7017	109
0.702	124
0.7023	102
0.7026	111
0.7029	123
0.7032	130
0.7035	108
0.7038	142
0.7041	136
0.7044	114
0.7047	116
0.705	109
0.7053	116
0.7056	111
0.7059	107
0.7062	105
0.7065	99
0.7068	114
0.7071	113
0.7074	109
0.7077	113
0.708	124
0.7083	90
0.7086	106
0.7089	115
0.7092	114
0.7095	120
0.7098	105
0.7101	105
0.7104	94
0.7107	110
0.711	102
0.7113	98
0.7116	120
0.7119	102
0.7122	79
0.7125	101
0.7128	109
0.7131	101
0.7134	100
0.7137	105
0.714	111
0.7143	85
0.7146	96
0.7149	86
0.7152	101
0.7155	99
0.7158	94
0.7161	120
0.7164	93
0.7167	103
0.717	110
0.7173	97
0.7176	96
0.7179	86
0.7182	103
0.7185	99
0.7188	86
0.7191	77
0.7194	100
0.7197	94
0.72	98
0.7203	85
0.7206	90
0.7209	87
0.7212	90
0.7215	116
0.7218	91
0.7221	86
0.7224	75
0.7227	98
0.723	92
0.7233	94
0.7236	87
0.7239	85
0.7242	102
0.7245	88
0.7248	91
0.7251	72
0.7254	82
0.7257	89
0.726	83
0.7263	76
0.7266	94
0.7269	80
0.7272	73
0.7275	93
0.7278	95
0.7281	100
0.7284	95
0.7287	80
0.729	75
0.7293	86
0.7296	92
0.7299	95
0.7302	91
0.7305	92
0.7308	67
0.7311	84
0.7314	61
0.7317	78
0.732	67
0.7323	87
0.7326	86
0.7329	73
0.7332	65
0.7335	93
0.7338	76
0.7341	69
0.7344	63
0.7347	78
0.735	67
0.7353	70
0.7356	58
0.7359	96
0.7362	72
0.7365	73
0.7368	59
0.7371	74
0.7374	67
0.7377	70
0.738	59
0.7383	72
0.7386	85
0.7389	62
0.7392	62
0.7395	62
0.7398	67
0.7401	89
0.7404	74
0.7407	58
0.741	70
0.7413	61
0.7416	65
0.7419	64
0.7422	72
0.7425	60
0.7428	65
0.7431	67
0.7434	55
0.7437	61
0.744	68
0.7443	76
0.7446	51
0.7449	56
0.7452	56
0.7455	70
0.7458	65
0.7461	60
0.7464	60
0.7467	49
0.747	65
0.7473	53
0.7476	58
0.7479	63
0.7482	60
0.7485	60
0.7488	53
0.7491	61
0.7494	62
0.7497	57
0.75	75
0.7503	45
0.7506	79
0.7509	51
0.7512	69
0.7515	73
0.7518	45
0.7521	56
0.7524	48
0.7527	44
0.753	52
0.7533	47
0.7536	37
0.7539	49
0.7542	56
0.7545	57
0.7548	49
0.7551	52
0.7554	69
0.7557	46
0.756	51
0.7563	52
0.7566	42
0.7569	51
0.7572	41
0.7575	52
0.7578	44
0.7581	40
0.7584	49
0.7587	44
0.759	35
0.7593	41
0.7596	38
0.7599	40
0.7602	48
0.7605	34
0.7608	42
0.7611	49
0.7614	40
0.7617	54
0.762	48
0.7623	36
0.7626	48
0.7629	54
0.7632	44
0.7635	44
0.7638	49
0.7641	43
0.7644	43
0.7647	36
0.765	39
0.7653	42
0.7656	38
0.7659	35
0.7662	24
0.7665	40
0.7668	25
0.7671	40
0.7674	38
0.7677	41
0.768	41
0.7683	47
0.7686	31
0.7689	38
0.7692	42
0.7695	31
0.7698	44
0.7701	39
0.7704	32
0.7707	36
0.771	38
0.7713	23
0.7716	29
0.7719	27
0.7722	26
0.7725	42
0.7728	37
0.7731	33
0.7734	32
0.7737	30
0.774	35
0.7743	28
0.7746	28
0.7749	30
0.7752	31
0.7755	25
0.7758	16
0.7761	15
0.7764	28
0.7767	24
0.777	29
0.7773	27
0.7776	27
0.7779	32
0.7782	19
0.7785	17
0.7788	28
0.7791	12
0.7794	26
0.7797	21
0.78	30
0.7803	26
0.7806	26
0.7809	24
0.7812	29
0.7815	24
0.7818	20
0.7821	25
0.7824	19
0.7827	15
0.783	18
0.7833	18
0.7836	14
0.7839	19
0.7842	11
0.7845	21
0.7848	13
0.7851	15
0.7854	20
0.7857	19
0.786	12
0.7863	17
0.7866	13
0.7869	16
0.7872	18
0.7875	21
0.7878	16
0.7881	18
0.7884	11
0.7887	17
0.789	19
0.7893	16
0.7896	13
0.7899	7
0.7902	12
0.7905	6
0.7908	14
0.7911	16
0.7914	9
0.7917	7
0.792	7
0.7923	4
0.7926	13
0.7929	11
0.7932	8
0.7935	8
0.7938	8
0.7941	8
0.7944	10
0.7947	8
0.795	7
0.7953	6
0.7956	4
0.7959	8
0.7962	7
0.7965	3
0.7968	4
0.7971	4
0.7974	5
0.7977	6
0.798	2
0.7983	2
0.7986	1
0.7989	3
0.7992	1
0.7995	1
0.7998	2
0.8001	0
0.8004	0
0.8007	0
0.801	0
0.8013	0
0.8016	0
0.8019	0
0.8022	0
0.8025	0
0.8028	0
0.8031	0
0.8034	0
0.8037	0
0.804	0
0.8043	0
0.8046	0
0.8049	0
0.8052	0
0.8055	0
0.8058	0
0.8061	0
0.8064	0
0.8067	0
0.807	0
0.8073	0
0.8076	0
0.8079	0
0.8082	0
0.8085	0
0.8088	0
0.8091	0
0.8094	0
0.8097	0
0.81	0
0.8103	0
0.8106	0
0.8109	0
0.8112	0
0.8115	0
0.8118	0
0.8121	0
0.8124	0
0.8127	0
0.813	0
0.8133	0
0.8136	0
0.8139	0
0.8142	0
0.8145	0
0.8148	0
0.8151	0
0.8154	0
0.8157	0
0.816	0
0.8163	0
0.8166	0
0.8169	0
0.8172	0
0.8175	0
0.8178	0
0.8181	0
0.8184	0
0.8187	0
0.819	0
0.8193	0
0.8196	0
0.8199	0
0.8202	0
0.8205	0
0.8208	0
0.8211	0
0.8214	0
0.8217	0
0.822	0
0.8223	0
0.8226	0
0.8229	0
0.8232	0
0.8235	0
0.8238	0
0.8241	0
0.8244	0
0.8247	0
0.825	0
0.8253	0
0.8256	0
0.8259	0
0.8262	0
0.8265	0
0.8268	0
0.8271	0
0.8274	0
0.8277	0
0.828	0
0.8283	0
0.8286	0
0.8289	0
0.8292	0
0.8295	0
0.8298	0
0.8301	0
0.8304	0
0.8307	0
0.831	0
0.8313	0
0.8316	0
0.8319	0
0.8322	0
0.8325	0
0.8328	0
0.8331	0
0.8334	0
0.8337	0
0.834	0
0.8343	0
0.8346	0
0.8349	0
0.8352	0
0.8355	0
0.8358	0
0.8361	0
0.8364	0
0.8367	0
0.837	0
0.8373	0
0.8376	0
0.8379	0
0.8382	0
0.8385	0
0.8388	0
0.8391	0
0.8394	0
0.8397	0
0.84	0
0.8403	0
0.8406	0
0.8409	0
0.8412	0
0.8415	0
0.8418	0
0.8421	0
0.8424	0
0.8427	0
0.843	0
0.8433	0
0.8436	0
0.8439	0
0.8442	0
0.8445	0
0.8448	0
0.8451	0
0.8454	0
0.8457	0
0.846	0
0.8463	0
0.8466	0
0.8469	0
0.8472	0
0.8475	0
0.8478	0
0.8481	0
0.8484	0
0.8487	0
0.849	0
0.8493	0
0.8496	0
0.8499	0
0.8502	0
0.8505	0
0.8508	0
0.8511	0
0.8514	0
0.8517	0
0.852	0
0.8523	0
0.8526	0
0.8529	0
0.8532	0
0.8535	0
0.8538	0
0.8541	0
0.8544	0
0.8547	0
0.855	0
0.8553	0
0.8556	0
0.8559	0
0.8562	0
0.8565	0
0.8568	0
0.8571	0
0.8574	0
0.8577	0
0.858	0
0.8583	0
0.8586	0
0.8589	0
0.8592	0
0.8595	0
0.8598	0
0.8601	0
0.8604	0
0.8607	0
0.861	0
0.8613	0
0.8616	0
0.8619	0
0.8622	0
0.8625	0
0.8628	0
0.8631	0
0.8634	0
0.8637	0
0.864	0
0.8643	0
0.8646	0
0.8649	0
0.8652	0
0.8655	0
0.8658	0
0.8661	0
0.8664	0
0.8667	0
0.867	0
0.8673	0
0.8676	0
0.8679	0
0.8682	0
0.8685	0
0.8688	0
0.8691	0
0.8694	0
0.8697	0
0.87	0
0.8703	0
0.8706	0
0.8709	0
0.8712	0
0.8715	0
0.8718	0
0.8721	0
0.8724	0
0.8727	0
0.873	0
0.8733	0
0.8736	0
0.8739	0
0.8742	0
0.8745	0
0.8748	0
0.8751	0
0.8754	0
0.8757	0
0.876	0
0.8763	0
0.8766	0
0.8769	0
0.8772	0
0.8775	0
0.8778	0
0.8781	0
0.8784	0
0.8787	0
0.879	0
0.8793	0
0.8796	0
0.8799	0
0.8802	0
0.8805	0
0.8808	0
0.8811	0
0.8814	0
0.8817	0
0.882	0
0.8823	0
0.8826	0
0.8829	0
0.8832	0
0.8835	0
0.8838	0
0.8841	0
0.8844	0
0.8847	0
0.885	0
0.8853	0
0.8856	0
0.8859	0
0.8862	0
0.8865	0
0.8868	0
0.8871	0
0.8874	0
0.8877	0
0.888	0
0.8883	0
0.8886	0
0.8889	0
0.8892	0
0.8895	0
0.8898	0
0.8901	0
0.8904	0
0.8907	0
0.891	0
0.8913	0
0.8916	0
0.8919	0
0.8922	0
0.8925	0
0.8928	0
0.8931	0
0.8934	0
0.8937	0
0.894	0
0.8943	0
0.8946	0
0.8949	0
0.8952	0
0.8955	0
0.8958	0
0.8961	0
0.8964	0
0.8967	0
0.897	0
0.8973	0
0.8976	0
0.8979	0
0.8982	0
0.8985	0
0.8988	0
0.8991	0
0.8994	0
0.8997	0
0.9	0
0.9003	0
0.9006	0
0.9009	0
0.9012	0
0.9015	0
0.9018	0
0.9021	0
0.9024	0
0.9027	0
0.903	0
0.9033	0
0.9036	0
0.9039	0
0.9042	0
0.9045	0
0.9048	0
0.9051	0
0.9054	0
0.9057	0
0.906	0
0.9063	0
0.9066	0
0.9069	0
0.9072	0
0.9075	0
0.9078	0
0.9081	0
0.9084	0
0.9087	0
0.909	0
0.9093	0
0.9096	0
0.9099	0
0.9102	0
0.9105	0
0.9108	0
0.9111	0
0.9114	0
0.9117	0
0.912	0
0.9123	0
0.9126	0
0.9129	0
0.9132	0
0.9135	0
0.9138	0
0.9141	0
0.9144	0
0.9147	0
0.915	0
0.9153	0
0.9156	0
0.9159	0
0.9162	0
0.9165	0
0.9168	0
0.9171	0
0.9174	0
0.9177	0
0.918	0
0.9183	0
0.9186	0
0.9189	0
0.9192	0
0.9195	0
0.9198	0
0.9201	0
0.9204	0
0.9207	0
0.921	0
0.9213	0
0.9216	0
0.9219	0
0.9222	0
0.9225	0
0.9228	0
0.9231	0
0.9234	0
0.9237	0
0.924	0
0.9243	0
0.9246	0
0.9249	0
0.9252	0
0.9255	0
0.9258	0
0.9261	0
0.9264	0
0.9267	0
0.927	0
0.9273	0
0.9276	0
0.9279	0
0.9282	0
0.9285	0
0.9288	0
0.9291	0
0.9294	0
0.9297	0
0.93	0
0.9303	0
0.9306	0
0.9309	0
0.9312	0
0.9315	0
0.9318	0
0.9321	0
0.9324	0
0.9327	0
0.933	0
0.9333	0
0.9336	0
0.9339	0
0.9342	0
0.9345	0
0.9348	0
0.9351	0
0.9354	0
0.9357	0
0.936	0
0.9363	0
0.9366	0
0.9369	0
0.9372	0
0.9375	0
0.9378	0
0.9381	0
0.9384	0
0.9387	0
0.939	0
0.9393	0
0.9396	0
0.9399	0
0.9402	0
0.9405	0
0.9408	0
0.9411	0
0.9414	0
0.9417	0
0.942	0
0.9423	0
0.9426	0
0.9429	0
0.9432	0
0.9435	0
0.9438	0
0.9441	0
0.9444	0
0.9447	0
0.945	0
0.9453	0
0.9456	0
0.9459	0
0.9462	0
0.9465	0
0.9468	0
0.9471	0
0.9474	0
0.9477	0
0.948	0
0.9483	0
0.9486	0
0.9489	0
0.9492	0
0.9495	0
0.9498	0
0.9501	0
0.9504	0
0.9507	0
0.951	0
0.9513	0
0.9516	0
0.9519	0
0.9522	0
0.9525	0
0.9528	0
0.9531	0
0.9534	0
0.9537	0
0.954	0
0.9543	0
0.9546	0
0.9549	0
0.9552	0
0.9555	0
0.9558	0
0.9561	0
0.9564	0
0.9567	0
0.957	0
0.9573	0
0.9576	0
0.9579	0
0.9582	0
0.9585	0
0.9588	0
0.9591	0
0.9594	0
0.9597	0
0.96	0
0.9603	0
0.9606	0
0.9609	0
0.9612	0
0.9615	0
0.9618	0
0.9621	0
0.9624	0
0.9627	0
0.963	0
0.9633	0
0.9636	0
0.9639	0
0.9642	0
0.9645	0
0.9648	0
0.9651	0
0.9654	0
0.9657	0
0.966	0
0.9663	0
0.9666	0
0.9669	0
0.9672	0
0.9675	0
0.9678	0
0.9681	0
0.9684	0
0.9687	0
0.969	0
0.9693	0
0.9696	0
0.9699	0
0.9702	0
0.9705	0
0.9708	0
0.9711	0
0.9714	0
0.9717	0
0.972	0
0.9723	0
0.9726	0
0.9729	0
0.9732	0
0.9735	0
0.9738	0
0.9741	0
0.9744	0
0.9747	0
0.975	0
0.9753	0
0.9756	0
0.9759	0
0.9762	0
0.9765	0
0.9768	0
0.9771	0
0.9774	0
0.9777	0
0.978	0
0.9783	0
0.9786	0
0.9789	0
0.9792	0
0.9795	0
0.9798	0
0.9801	0
0.9804	0
0.9807	0
0.981	0
0.9813	0
0.9816	0
0.9819	0
0.9822	0
0.9825	0
0.9828	0
0.9831	0
0.9834	0
0.9837	0
0.984	0
0.9843	0
0.9846	0
0.9849	0
0.9852	0
0.9855	0
0.9858	0
0.9861	0
0.9864	0
0.9867	0
0.987	0
0.9873	0
0.9876	0
0.9879	0
0.9882	0
0.9885	0
0.9888	0
0.9891	0
0.9894	0
0.9897	0
0.99	0
0.9903	0
0.9906	0
0.9909	0
0.9912	0
0.9915	0
0.9918	0
0.9921	0
0.9924	0
0.9927	0
0.993	0
0.9933	0
0.9936	0
0.9939	0
0.9942	0
0.9945	0
0.9948	0
0.9951	0
0.9954	0
0.9957	0
0.996	0
0.9963	0
0.9966	0
0.9969	0
0.9972	0
0.9975	0
0.9978	0
0.9981	0
0.9984	0
0.9987	0
0.999	0
0.9993	0
0.9996	0
0.9999	0
1.0002	0
1.0005	0
1.0008	0
1.0011	0
1.0014	0
1.0017	0
1.002	0
1.0023	0
1.0026	0
1.0029	0
1.0032	0
1.0035	0
1.0038	0
1.0041	0
1.0044	0
1.0047	0
1.005	0
1.0053	0
1.0056	0
1.0059	0
1.0062	0
1.0065	0
1.0068	0
1.0071	0
1.0074	0
1.0077	0
1.008	0
1.0083	0
1.0086	0
1.0089	0
1.0092	0
1.0095	0
1.0098	0
1.0101	0
1.0104	0
1.0107	0
1.011	0
1.0113	0
1.0116	0
1.0119	0
1.0122	0
1.0125	0
1.0128	0
1.0131	0
1.0134	0
1.0137	0
1.014	0
1.0143	0
1.0146	0
1.0149	0
1.0152	0
1.0155	0
1.0158	0
1.0161	0
1.0164	0
1.0167	0
1.017	0
1.0173	0
1.0176	0
1.0179	0
1.0182	0
1.0185	0
1.0188	0
1.0191	0
1.0194	0
1.0197	0
1.02	0
1.0203	0
1.0206	0
1.0209	0
1.0212	0
1.0215	0
1.0218	0
1.0221	0
1.0224	0
1.0227	0
1.023	0
1.0233	0
1.0236	0
1.0239	0
1.0242	0
1.0245	0
1.0248	0
1.0251	0
1.0254	0
1.0257	0
1.026	0
1.0263	0
1.0266	0
1.0269	0
1.0272	0
1.0275	0
1.0278	0
1.0281	0
1.0284	0
1.0287	0
1.029	0
1.0293	0
1.0296	0
1.0299	0
1.0302	0
1.0305	0
1.0308	0
1.0311	0
1.0314	0
1.0317	0
1.032	0
1.0323	0
1.0326	0
1.0329	0
1.0332	0
1.0335	0
1.0338	0
1.0341	0
1.0344	0
1.0347	0
1.035	0
1.0353	0
1.0356	0
1.0359	0
1.0362	0
1.0365	0
1.0368	0
1.0371	0
1.0374	0
1.0377	0
1.038	0
1.0383	0
1.0386	0
1.0389	0
1.0392	0
1.0395	0
1.0398	0
1.0401	0
1.0404	0
1.0407	0
1.041	0
1.0413	0
1.0416	0
1.0419	0
1.0422	0
1.0425	0
1.0428	0
1.0431	0
1.0434	0
1.0437	0
1.044	0
1.0443	0
1.0446	0
1.0449	0
1.0452	0
1.0455	0
1.0458	0
1.0461	0
1.0464	0
1.0467	0
1.047	0
1.0473	0
1.0476	0
1.0479	0
1.0482	0
1.0485	0
1.0488	0
1.0491	0
1.0494	0
1.0497	0
1.05	0
1.0503	0
1.0506	0
1.0509	0
1.0512	0
1.0515	0
1.0518	0
1.0521	0
1.0524	0
1.0527	0
1.053	0
1.0533	0
1.0536	0
1.0539	0
1.0542	0
1.0545	0
1.0548	0
1.0551	0
1.0554	0
1.0557	0
1.056	0
1.0563	0
1.0566	0
1.0569	0
1.0572	0
1.0575	0
1.0578	0
1.0581	0
1.0584	0
1.0587	0
1.059	0
1.0593	0
1.0596	0
1.0599	0
1.0602	0
1.0605	0
1.0608	0
1.0611	0
1.0614	0
1.0617	0
1.062	0
1.0623	0
1.0626	0
1.0629	0
1.0632	0
1.0635	0
1.0638	0
1.0641	0
1.0644	0
1.0647	0
1.065	0
1.0653	0
1.0656	0
1.0659	0
1.0662	0
1.0665	0
1.0668	0
1.0671	0
1.0674	0
1.0677	0
1.068	0
1.0683	0
1.0686	0
1.0689	0
1.0692	0
1.0695	0
1.0698	0
1.0701	0
1.0704	0
1.0707	0
1.071	0
1.0713	0
1.0716	0
1.0719	0
1.0722	0
1.0725	0
1.0728	0
1.0731	0
1.0734	0
1.0737	0
1.074	0
1.0743	0
1.0746	0
1.0749	0
1.0752	0
1.0755	0
1.0758	0
1.0761	0
1.0764	0
1.0767	0
1.077	0
1.0773	0
1.0776	0
1.0779	0
1.0782	0
1.0785	0
1.0788	0
1.0791	0
1.0794	0
1.0797	0
1.08	0
1.0803	0
1.0806	0
1.0809	0
1.0812	0
1.0815	0
1.0818	0
1.0821	0
1.0824	0
1.0827	0
1.083	0
1.0833	0
1.0836	0
1.0839	0
1.0842	0
1.0845	0
1.0848	0
1.0851	0
1.0854	0
1.0857	0
1.086	0
1.0863	0
1.0866	0
1.0869	0
1.0872	0
1.0875	0
1.0878	0
1.0881	0
1.0884	0
1.0887	0
1.089	0
1.0893	0
1.0896	0
1.0899	0
1.0902	0
1.0905	0
1.0908	0
1.0911	0
1.0914	0
1.0917	0
1.092	0
1.0923	0
1.0926	0
1.0929	0
1.0932	0
1.0935	0
1.0938	0
1.0941	0
1.0944	0
1.0947	0
1.095	0
1.0953	0
1.0956	0
1.0959	0
1.0962	0
1.0965	0
1.0968	0
1.0971	0
1.0974	0
1.0977	0
1.098	0
1.0983	0
1.0986	0
1.0989	0
1.0992	0
1.0995	0
1.0998	0
1.1001	0
1.1004	0
1.1007	0
1.101	0
1.1013	0
1.1016	0
1.1019	0
1.1022	0
1.1025	0
1.1028	0
1.1031	0
1.1034	0
1.1037	0
1.104	0
1.1043	0
1.1046	0
1.1049	0
1.1052	0
1.1055	0
1.1058	0
1.1061	0
1.1064	0
1.1067	0
1.107	0
1.1073	0
1.1076	0
1.1079	0
1.1082	0
1.1085	0
1.1088	0
1.1091	0
1.1094	0
1.1097	0
1.11	0
1.1103	0
1.1106	0
1.1109	0
1.1112	0
1.1115	0
1.1118	0
1.1121	0
1.1124	0
1.1127	0
1.113	0
1.1133	0
1.1136	0
1.1139	0
1.1142	0
1.1145	0
1.1148	0
1.1151	0
1.1154	0
1.1157	0
1.116	0
1.1163	0
1.1166	0
1.1169	0
1.1172	0
1.1175	0
1.1178	0
1.1181	0
1.1184	0
1.1187	0
1.119	0
1.1193	0
1.1196	0
1.1199	0
1.1202	0
1.1205	0
1.1208	0
1.1211	0
1.1214	0
1.1217	0
1.122	0
1.1223	0
1.1226	0
1.1229	0
1.1232	0
1.1235	0
1.1238	0
1.1241	0
1.1244	0
1.1247	0
1.125	0
1.1253	0
1.1256	0
1.1259	0
1.1262	0
1.1265	0
1.1268	0
1.1271	0
1.1274	0
1.1277	0
1.128	0
1.1283	0
1.1286	0
1.1289	0
1.1292	0
1.1295	0
1.1298	0
1.1301	0
1.1304	0
1.1307	0
1.131	0
1.1313	0
1.1316	0
1.1319	0
1.1322	0
1.1325	0
1.1328	0
1.1331	0
1.1334	0
1.1337	0
1.134	0
1.1343	0
1.1346	0
1.1349	0
1.1352	0
1.1355	0
1.1358	0
1.1361	0
1.1364	0
1.1367	0
1.137	0
1.1373	0
1.1376	0
1.1379	0
1.1382	0
1.1385	0
1.1388	0
1.1391	0
1.1394	0
1.1397	0
1.14	0
1.1403	0
1.1406	0
1.1409	0
1.1412	0
1.1415	0
1.1418	0
1.1421	0
1.1424	0
1.1427	0
1.143	0
1.1433	0
1.1436	0
1.1439	0
1.1442	0
1.1445	0
1.1448	0
1.1451	0
1.1454	0
1.1457	0
1.146	0
1.1463	0
1.1466	0
1.1469	0
1.1472	0
1.1475	0
1.1478	0
1.1481	0
1.1484	0
1.1487	0
1.149	0
1.1493	0
1.1496	0
1.1499	0
1.1502	0
1.1505	0
1.1508	0
1.1511	0
1.1514	0
1.1517	0
1.152	0
1.1523	0
1.1526	0
1.1529	0
1.1532	0
1.1535	0
1.1538	0
1.1541	0
1.1544	0
1.1547	0
1.155	0
1.1553	0
1.1556	0
1.1559	0
1.1562	0
1.1565	0
1.1568	0
1.1571	0
1.1574	0
1.1577	0
1.158	0
1.1583	0
1.1586	0
1.1589	0
1.1592	0
1.1595	0
1.1598	0
1.1601	0
1.1604	0
1.1607	0
1.161	0
1.1613	0
1.1616	0
1.1619	0
1.1622	0
1.1625	0
1.1628	0
1.1631	0
1.1634	0
1.1637	0
1.164	0
1.1643	0
1.1646	0
1.1649	0
1.1652	0
1.1655	0
1.1658	0
1.1661	0
1.1664	0
1.1667	0
1.167	0
1.1673	0
1.1676	0
1.1679	0
1.1682	0
1.1685	0
1.1688	0
1.1691	0
1.1694	0
1.1697	0
1.17	0
1.1703	0
1.1706	0
1.1709	0
1.1712	0
1.1715	0
1.1718	0
1.1721	0
1.1724	0
1.1727	0
1.173	0
1.1733	0
1.1736	0
1.1739	0
1.1742	0
1.1745	0
1.1748	0
1.1751	0
1.1754	0
1.1757	0
1.176	0
1.1763	0
1.1766	0
1.1769	0
1.1772	0
1.1775	0
1.1778	0
1.1781	0
1.1784	0
1.1787	0
1.179	0
1.1793	0
1.1796	0
1.1799	0
1.1802	0
1.1805	0
1.1808	0
1.1811	0
1.1814	0
1.1817	0
1.182	0
1.1823	0
1.1826	0
1.1829	0
1.1832	0
1.1835	0
1.1838	0
1.1841	0
1.1844	0
1.1847	0
1.185	0
1.1853	0
1.1856	0
1.1859	0
1.1862	0
1.1865	0
1.1868	0
1.1871	0
1.1874	0
1.1877	0
1.188	0
1.1883	0
1.1886	0
1.1889	0
1.1892	0
1.1895	0
1.1898	0
1.1901	0
1.1904	0
1.1907	0
1.191	0
1.1913	0
1.1916	0
1.1919	0
1.1922	0
1.1925	0
1.1928	0
1.1931	0
1.1934	0
1.1937	0
1.194	0
1.1943	0
1.1946	0
1.1949	0
1.1952	0
1.1955	0
1.1958	0
1.1961	0
1.1964	0
1.1967	0
1.197	0
1.1973	0
1.1976	0
1.1979	0
1.1982	0
1.1985	0
1.1988	0
1.1991	0
1.1994	0
1.1997	0
1.2	0
1.2003	0
1.2006	0
1.2009	0
1.2012	0
1.2015	0
1.2018	0
1.2021	0
1.2024	0
1.2027	0
1.203	0
1.2033	0
1.2036	0
1.2039	0
1.2042	0
1.2045	0
1.2048	0
1.2051	0
1.2054	0
1.2057	0
1.206	0
1.2063	0
1.2066	0
1.2069	0
1.2072	0
1.2075	0
1.2078	0
1.2081	0
1.2084	0
1.2087	0
1.209	0
1.2093	0
1.2096	0
1.2099	0
1.2102	0
1.2105	0
1.2108	0
1.2111	0
1.2114	0
1.2117	0
1.212	0
1.2123	0
1.2126	0
1.2129	0
1.2132	0
1.2135	0
1.2138	0
1.2141	0
1.2144	0
1.2147	0
1.215	0
1.2153	0
1.2156	0
1.2159	0
1.2162	0
1.2165	0
1.2168	0
1.2171	0
1.2174	0
1.2177	0
1.218	0
1.2183	0
1.2186	0
1.2189	0
1.2192	0
1.2195	0
1.2198	0
1.2201	0
1.2204	0
1.2207	0
1.221	0
1.2213	0
1.2216	0
1.2219	0
1.2222	0
1.2225	0
1.2228	0
1.2231	0
1.2234	0
1.2237	0
1.224	0
1.2243	0
1.2246	0
1.2249	0
1.2252	0
1.2255	0
1.2258	0
1.2261	0
1.2264	0
1.2267	0
1.227	0
1.2273	0
1.2276	0
1.2279	0
1.2282	0
1.2285	0
1.2288	0
1.2291	0
1.2294	0
1.2297	0
1.23	0
1.2303	0
1.2306	0
1.2309	0
1.2312	0
1.2315	0
1.2318	0
1.2321	0
1.2324	0
1.2327	0
1.233	0
1.2333	0
1.2336	0
1.2339	0
1.2342	0
1.2345	0
1.2348	0
1.2351	0
1.2354	0
1.2357	0
1.236	0
1.2363	0
1.2366	0
1.2369	0
1.2372	0
1.2375	0
1.2378	0
1.2381	0
1.2384	0
1.2387	0
1.239	0
1.2393	0
1.2396	0
1.2399	0
1.2402	0
1.2405	0
1.2408	0
1.2411	0
1.2414	0
1.2417	0
1.242	0
1.2423	0
1.2426	0
1.2429	0
1.2432	0
1.2435	0
1.2438	0
1.2441	0
1.2444	0
1.2447	0
1.245	0
1.2453	0
1.2456	0
1.2459	0
1.2462	0
1.2465	0
1.2468	0
1.2471	0
1.2474	0
1.2477	0
1.248	0
1.2483	0
1.2486	0
1.2489	0
1.2492	0
1.2495	0
1.2498	0
1.2501	0
1.2504	0
1.2507	0
1.251	0
1.2513	0
1.2516	0
1.2519	0
1.2522	0
1.2525	0
1.2528	0
1.2531	0
1.2534	0
1.2537	0
1.254	0
1.2543	0
1.2546	0
1.2549	0
1.2552	0
1.2555	0
1.2558	0
1.2561	0
1.2564	0
1.2567	0
1.257	0
1.2573	0
1.2576	0
1.2579	0
1.2582	0
1.2585	0
1.2588	0
1.2591	0
1.2594	0
1.2597	0
1.26	0
1.2603	0
1.2606	0
1.2609	0
1.2612	0
1.2615	0
1.2618	0
1.2621	0
1.2624	0
1.2627	0
1.263	0
1.2633	0
1.2636	0
1.2639	0
1.2642	0
1.2645	0
1.2648	0
1.2651	0
1.2654	0
1.2657	0
1.266	0
1.2663	0
1.2666	0
1.2669	0
1.2672	0
1.2675	0
1.2678	0
1.2681	0
1.2684	0
1.2687	0
1.269	0
1.2693	0
1.2696	0
1.2699	0
1.2702	0
1.2705	0
1.2708	0
1.2711	0
1.2714	0
1.2717	0
1.272	0
1.2723	0
1.2726	0
1.2729	0
1.2732	0
1.2735	0
1.2738	0
1.2741	0
1.2744	0
1.2747	0
1.275	0
1.2753	0
1.2756	0
1.2759	0
1.2762	0
1.2765	0
1.2768	0
1.2771	0
1.2774	0
1.2777	0
1.278	0
1.2783	0
1.2786	0
1.2789	0
1.2792	0
1.2795	0
1.2798	0
1.2801	0
1.2804	0
1.2807	0
1.281	0
1.2813	0
1.2816	0
1.2819	0
1.2822	0
1.2825	0
1.2828	0
1.2831	0
1.2834	0
1.2837	0
1.284	0
1.2843	0
1.2846	0
1.2849	0
1.2852	0
1.2855	0
1.2858	0
1.2861	0
1.2864	0
1.2867	0
1.287	0
1.2873	0
1.2876	0
1.2879	0
1.2882	0
1.2885	0
1.2888	0
1.2891	0
1.2894	0
1.2897	0
1.29	0
1.2903	0
1.2906	0
1.2909	0
1.2912	0
1.2915	0
1.2918	0
1.2921	0
1.2924	0
1.2927	0
1.293	0
1.2933	0
1.2936	0
1.2939	0
1.2942	0
1.2945	0
1.2948	0
1.2951	0
1.2954	0
1.2957	0
1.296	0
1.2963	0
1.2966	0
1.2969	0
1.2972	0
1.2975	0
1.2978	0
1.2981	0
1.2984	0
1.2987	0
1.299	0
1.2993	0
1.2996	0
1.2999	0
1.3002	0
1.3005	0
1.3008	0
1.3011	0
1.3014	0
1.3017	0
1.302	0
1.3023	0
1.3026	0
1.3029	0
1.3032	0
1.3035	0
1.3038	0
1.3041	0
1.3044	0
1.3047	0
1.305	0
1.3053	0
1.3056	0
1.3059	0
1.3062	0
1.3065	0
1.3068	0
1.3071	0
1.3074	0
1.3077	0
1.308	0
1.3083	0
1.3086	0
1.3089	0
1.3092	0
1.3095	0
1.3098	0
1.3101	0
1.3104	0
1.3107	0
1.311	0
1.3113	0
1.3116	0
1.3119	0
1.3122	0
1.3125	0
1.3128	0
1.3131	0
1.3134	0
1.3137	0
1.314	0
1.3143	0
1.3146	0
1.3149	0
1.3152	0
1.3155	0
1.3158	0
1.3161	0
1.3164	0
1.3167	0
1.317	0
1.3173	0
1.3176	0
1.3179	0
1.3182	0
1.3185	0
1.3188	0
1.3191	0
1.3194	0
1.3197	0
1.32	0
1.3203	0
1.3206	0
1.3209	0
1.3212	0
1.3215	0
1.3218	0
1.3221	0
1.3224	0
1.3227	0
1.323	0
1.3233	0
1.3236	0
1.3239	0
1.3242	0
1.3245	0
1.3248	0
1.3251	0
1.3254	0
1.3257	0
1.326	0
1.3263	0
1.3266	0
1.3269	0
1.3272	0
1.3275	0
1.3278	0
1.3281	0
1.3284	0
1.3287	0
1.329	0
1.3293	0
1.3296	0
1.3299	0
1.3302	0
1.3305	0
1.3308	0
1.3311	0
1.3314	0
1.3317	0
1.332	0
1.3323	0
1.3326	0
1.3329	0
1.3332	0
1.3335	0
1.3338	0
1.3341	0
1.3344	0
1.3347	0
1.335	0
1.3353	0
1.3356	0
1.3359	0
1.3362	0
1.3365	0
1.3368	0
1.3371	0
1.3374	0
1.3377	0
1.338	0
1.3383	0
1.3386	0
1.3389	0
1.3392	0
1.3395	0
1.3398	0
1.3401	0
1.3404	0
1.3407	0
1.341	0
1.3413	0
1.3416	0
1.3419	0
1.3422	0
1.3425	0
1.3428	0
1.3431	0
1.3434	0
1.3437	0
1.344	0
1.3443	0
1.3446	0
1.3449	0
1.3452	0
1.3455	0
1.3458	0
1.3461	0
1.3464	0
1.3467	0
1.347	0
1.3473	0
1.3476	0
1.3479	0
1.3482	0
1.3485	0
1.3488	0
1.3491	0
1.3494	0
1.3497	0
1.35	0
1.3503	0
1.3506	0
1.3509	0
1.3512	0
1.3515	0
1.3518	0
1.3521	0
1.3524	0
1.3527	0
1.353	0
1.3533	0
1.3536	0
1.3539	0
1.3542	0
1.3545	0
1.3548	0
1.3551	0
1.3554	0
1.3557	0
1.356	0
1.3563	0
1.3566	0
1.3569	0
1.3572	0
1.3575	0
1.3578	0
1.3581	0
1.3584	0
1.3587	0
1.359	0
1.3593	0
1.3596	0
1.3599	0
1.3602	0
1.3605	0
1.3608	0
1.3611	0
1.3614	0
1.3617	0
1.362	0
1.3623	0
1.3626	0
1.3629	0
1.3632	0
1.3635	0
1.3638	0
1.3641	0
1.3644	0
1.3647	0
1.365	0
1.3653	0
1.3656	0
1.3659	0
1.3662	0
1.3665	0
1.3668	0
1.3671	0
1.3674	0
1.3677	0
1.368	0
1.3683	0
1.3686	0
1.3689	0
1.3692	0
1.3695	0
1.3698	0
1.3701	0
1.3704	0
1.3707	0
1.371	0
1.3713	0
1.3716	0
1.3719	0
1.3722	0
1.3725	0
1.3728	0
1.3731	0
1.3734	0
1.3737	0
1.374	0
1.3743	0
1.3746	0
1.3749	0
1.3752	0
1.3755	0
1.3758	0
1.3761	0
1.3764	0
1.3767	0
1.377	0
1.3773	0
1.3776	0
1.3779	0
1.3782	0
1.3785	0
1.3788	0
1.3791	0
1.3794	0
1.3797	0
1.38	0
1.3803	0
1.3806	0
1.3809	0
1.3812	0
1.3815	0
1.3818	0
1.3821	0
1.3824	0
1.3827	0
1.383	0
1.3833	0
1.3836	0
1.3839	0
1.3842	0
1.3845	0
1.3848	0
1.3851	0
1.3854	0
1.3857	0
1.386	0
1.3863	0
1.3866	0
1.3869	0
1.3872	0
1.3875	0
1.3878	0
1.3881	0
1.3884	0
1.3887	0
1.389	0
1.3893	0
1.3896	0
1.3899	0
1.3902	0
1.3905	0
1.3908	0
1.3911	0
1.3914	0
1.3917	0
1.392	0
1.3923	0
1.3926	0
1.3929	0
1.3932	0
1.3935	0
1.3938	0
1.3941	0
1.3944	0
1.3947	0
1.395	0
1.3953	0
1.3956	0
1.3959	0
1.3962	0
1.3965	0
1.3968	0
1.3971	0
1.3974	0
1.3977	0
1.398	0
1.3983	0
1.3986	0
1.3989	0
1.3992	0
1.3995	0
1.3998	0
1.4001	0
1.4004	0
1.4007	0
1.401	0
1.4013	0
1.4016	0
1.4019	0
1.4022	0
1.4025	0
1.4028	0
1.4031	0
1.4034	0
1.4037	0
1.404	0
1.4043	0
1.4046	0
1.4049	0
1.4052	0
1.4055	0
1.4058	0
1.4061	0
1.4064	0
1.4067	0
1.407	0
1.4073	0
1.4076	0
1.4079	0
1.4082	0
1.4085	0
1.4088	0
1.4091	0
1.4094	0
1.4097	0
1.41	0
1.4103	0
1.4106	0
1.4109	0
1.4112	0
1.4115	0
1.4118	0
1.4121	0
1.4124	0
1.4127	0
1.413	0
1.4133	0
1.4136	0
1.4139	0
1.4142	0
1.4145	0
1.4148	0
1.4151	0
1.4154	0
1.4157	0
1.416	0
1.4163	0
1.4166	0
1.4169	0
1.4172	0
1.4175	0
1.4178	0
1.4181	0
1.4184	0
1.4187	0
1.419	0
1.4193	0
1.4196	0
1.4199	0
1.4202	0
1.4205	0
1.4208	0
1.4211	0
1.4214	0
1.4217	0
1.422	0
1.4223	0
1.4226	0
1.4229	0
1.4232	0
1.4235	0
1.4238	0
1.4241	0
1.4244	0
1.4247	0
1.425	0
1.4253	0
1.4256	0
1.4259	0
1.4262	0
1.4265	0
1.4268	0
1.4271	0
1.4274	0
1.4277	0
1.428	0
1.4283	0
1.4286	0
1.4289	0
1.4292	0
1.4295	0
1.4298	0
1.4301	0
1.4304	0
1.4307	0
1.431	0
1.4313	0
1.4316	0
1.4319	0
1.4322	0
1.4325	0
1.4328	0
1.4331	0
1.4334	0
1.4337	0
1.434	0
1.4343	0
1.4346	0
1.4349	0
1.4352	0
1.4355	0
1.4358	0
1.4361	0
1.4364	0
1.4367	0
1.437	0
1.4373	0
1.4376	0
1.4379	0
1.4382	0
1.4385	0
1.4388	0
1.4391	0
1.4394	0
1.4397	0
1.44	0
1.4403	0
1.4406	0
1.4409	0
1.4412	0
1.4415	0
1.4418	0
1.4421	0
1.4424	0
1.4427	0
1.443	0
1.4433	0
1.4436	0
1.4439	0
1.4442	0
1.4445	0
1.4448	0
1.4451	0
1.4454	0
1.4457	0
1.446	0
1.4463	0
1.4466	0
1.4469	0
1.4472	0
1.4475	0
1.4478	0
1.4481	0
1.4484	0
1.4487	0
1.449	0
1.4493	0
1.4496	0
1.4499	0
1.4502	0
1.4505	0
1.4508	0
1.4511	0
1.4514	0
1.4517	0
1.452	0
1.4523	0
1.4526	0
1.4529	0
1.4532	0
1.4535	0
1.4538	0
1.4541	0
1.4544	0
1.4547	0
1.455	0
1.4553	0
1.4556	0
1.4559	0
1.4562	0
1.4565	0
1.4568	0
1.4571	0
1.4574	0
1.4577	0
1.458	0
1.4583	0
1.4586	0
1.4589	0
1.4592	0
1.4595	0
1.4598	0
1.4601	0
1.4604	0
1.4607	0
1.461	0
1.4613	0
1.4616	0
1.4619	0
1.4622	0
1.4625	0
1.4628	0
1.4631	0
1.4634	0
1.4637	0
1.464	0
1.4643	0
1.4646	0
1.4649	0
1.4652	0
1.4655	0
1.4658	0
1.4661	0
1.4664	0
1.4667	0
1.467	0
1.4673	0
1.4676	0
1.4679	0
1.4682	0
1.4685	0
1.4688	0
1.4691	0
1.4694	0
1.4697	0
1.47	0
1.4703	0
1.4706	0
1.4709	0
1.4712	0
1.4715	0
1.4718	0
1.4721	0
1.4724	0
1.4727	0
1.473	0
1.4733	0
1.4736	0
1.4739	0
1.4742	0
1.4745	0
1.4748	0
1.4751	0
1.4754	0
1.4757	0
1.476	0
1.4763	0
1.4766	0
1.4769	0
1.4772	0
1.4775	0
1.4778	0
1.4781	0
1.4784	0
1.4787	0
1.479	0
1.4793	0
1.4796	0
1.4799	0
1.4802	0
1.4805	0
1.4808	0
1.4811	0
1.4814	0
1.4817	0
1.482	0
1.4823	0
1.4826	0
1.4829	0
1.4832	0
1.4835	0
1.4838	0
1.4841	0
1.4844	0
1.4847	0
1.485	0
1.4853	0
1.4856	0
1.4859	0
1.4862	0
1.4865	0
1.4868	0
1.4871	0
1.4874	0
1.4877	0
1.488	0
1.4883	0
1.4886	0
1.4889	0
1.4892	0
1.4895	0
1.4898	0
1.4901	0
1.4904	0
1.4907	0
1.491	0
1.4913	0
1.4916	0
1.4919	0
1.4922	0
1.4925	0
1.4928	0
1.4931	0
1.4934	0
1.4937	0
1.494	0
1.4943	0
1.4946	0
1.4949	0
1.4952	0
1.4955	0
1.4958	0
1.4961	0
1.4964	0
1.4967	0
1.497	0
1.4973	0
1.4976	0
1.4979	0
1.4982	0
1.4985	0
1.4988	0
1.4991	0
1.4994	0
1.4997	0
