0	0
0.0003	0
0.0006	0
0.0009	0
0.0012	0
0.0015	326
0.0018	2914
0.0021	1079
0.0024	1140
0.0027	1147
0.003	1270
0.0033	1312
0.0036	1447
0.0039	1630
0.0042	1661
0.0045	1829
0.0048	1832
0.0051	2012
0.0054	2124
0.0057	2200
0.006	2315
0.0063	2496
0.0066	2568
0.0069	2589
0.0072	3034
0.0075	2805
0.0078	2974
0.0081	3928
0.0084	10259
0.0087	3541
0.009	3534
0.0093	4283
0.0096	13016
0.0099	6187
0.0102	1790
0.0105	1858
0.0108	1964
0.0111	2744
0.0114	1911
0.0117	1623
0.012	1499
0.0123	1489
0.0126	1582
0.0129	1571
0.0132	1609
0.0135	1652
0.0138	1699
0.0141	1740
0.0144	1753
0.0147	1729
0.015	1839
0.0153	1782
0.0156	1948
0.0159	1973
0.0162	2046
0.0165	2030
0.0168	2058
0.0171	2120
0.0174	2129
0.0177	2253
0.018	2361
0.0183	2334
0.0186	2464
0.0189	2397
0.0192	2444
0.0195	2560
0.0198	2597
0.0201	2664
0.0204	2734
0.0207	2763
0.021	2845
0.0213	2934
0.0216	2998
0.0219	2979
0.0222	3047
0.0225	3115
0.0228	3140
0.0231	3235
0.0234	3396
0.0237	3274
0.024	3330
0.0243	3434
0.0246	3443
0.0249	3578
0.0252	3725
0.0255	3574
0.0258	3743
0.0261	3750
0.0264	3923
0.0267	3944
0.027	3914
0.0273	4066
0.0276	4173
0.0279	4108
0.0282	4315
0.0285	4182
0.0288	4341
0.0291	4375
0.0294	4428
0.0297	4607
0.03	4541
0.0303	4692
0.0306	4767
0.0309	4730
0.0312	4778
0.0315	4832
0.0318	4910
0.0321	5115
0.0324	4995
0.0327	5049
0.033	5232
0.0333	5280
0.0336	5258
0.0339	5429
0.0342	5496
0.0345	5630
0.0348	5653
0.0351	5594
0.0354	5695
0.0357	5700
0.036	5823
0.0363	5940
0.0366	5779
0.0369	5965
0.0372	5975
0.0375	6003
0.0378	6126
0.0381	6386
0.0384	6187
0.0387	6247
0.039	6514
0.0393	6489
0.0396	6375
0.0399	6770
0.0402	6772
0.0405	6806
0.0408	6872
0.0411	6786
0.0414	6847
0.0417	6945
0.042	7127
0.0423	7047
0.0426	7231
0.0429	7126
0.0432	7280
0.0435	7192
0.0438	7323
0.0441	7389
0.0444	7508
0.0447	7526
0.045	7540
0.0453	7692
0.0456	7640
0.0459	7660
0.0462	7784
0.0465	7939
0.0468	7996
0.0471	7931
0.0474	8313
0.0477	8381
0.048	8283
0.0483	8426
0.0486	8263
0.0489	8334
0.0492	8563
0.0495	8711
0.0498	8604
0.0501	8735
0.0504	8882
0.0507	8604
0.051	8625
0.0513	8951
0.0516	8860
0.0519	8866
0.0522	9122
0.0525	9089
0.0528	9335
0.0531	9271
0.0534	9212
0.0537	9463
0.054	9401
0.0543	9742
0.0546	9562
0.0549	9550
0.0552	9510
0.0555	9639
0.0558	9740
0.0561	9724
0.0564	9733
0.0567	225275
0.057	9680
0.0573	9754
0.0576	9821
0.0579	401832
0.0582	9575
0.0585	9555
0.0588	9602
0.0591	9829
0.0594	9604
0.0597	9564
0.06	9673
0.0603	9858
0.0606	9685
0.0609	9788
0.0612	9767
0.0615	9845
0.0618	10003
0.0621	9812
0.0624	9802
0.0627	10044
0.063	9934
0.0633	9768
0.0636	9814
0.0639	9821
0.0642	9965
0.0645	10008
0.0648	10075
0.0651	9911
0.0654	162006
0.0657	9883
0.066	12275
0.0663	9981
0.0666	9840
0.0669	9818
0.0672	45883
0.0675	17157
0.0678	2978
0.0681	2946
0.0684	2934
0.0687	2938
0.069	3049
0.0693	3076
0.0696	3058
0.0699	2929
0.0702	3041
0.0705	3072
0.0708	3048
0.0711	3032
0.0714	3097
0.0717	3080
0.072	3194
0.0723	3172
0.0726	3101
0.0729	3182
0.0732	3107
0.0735	3162
0.0738	3203
0.0741	3241
0.0744	3222
0.0747	3282
0.075	3309
0.0753	3194
0.0756	3316
0.0759	3266
0.0762	3158
0.0765	3310
0.0768	3363
0.0771	3256
0.0774	3321
0.0777	3404
0.078	3354
0.0783	3399
0.0786	3358
0.0789	3324
0.0792	3406
0.0795	3466
0.0798	3493
0.0801	3345
0.0804	3443
0.0807	3475
0.081	3372
0.0813	3515
0.0816	3458
0.0819	3556
0.0822	3618
0.0825	3492
0.0828	3477
0.0831	3555
0.0834	3540
0.0837	3606
0.084	3676
0.0843	3603
0.0846	3670
0.0849	3631
0.0852	3645
0.0855	3732
0.0858	3649
0.0861	3614
0.0864	3600
0.0867	3626
0.087	3697
0.0873	3742
0.0876	3644
0.0879	3642
0.0882	3722
0.0885	3648
0.0888	3663
0.0891	3724
0.0894	3816
0.0897	3770
0.09	3784
0.0903	3787
0.0906	3807
0.0909	3692
0.0912	3800
0.0915	3788
0.0918	3822
0.0921	3970
0.0924	3876
0.0927	3922
0.093	3933
0.0933	3889
0.0936	3892
0.0939	3976
0.0942	3954
0.0945	4014
0.0948	3951
0.0951	4004
0.0954	3949
0.0957	3890
0.096	4105
0.0963	3922
0.0966	4001
0.0969	3963
0.0972	3868
0.0975	4017
0.0978	3977
0.0981	4117
0.0984	3999
0.0987	3996
0.099	4000
0.0993	4001
0.0996	3977
0.0999	4006
0.1002	4033
0.1005	4037
0.1008	4046
0.1011	4024
0.1014	4064
0.1017	4188
0.102	4091
0.1023	4148
0.1026	4123
0.1029	3994
0.1032	4005
0.1035	4182
0.1038	4060
0.1041	4196
0.1044	4078
0.1047	4176
0.105	4140
0.1053	4138
0.1056	4127
0.1059	3994
0.1062	4196
0.1065	4258
0.1068	4116
0.1071	4202
0.1074	4165
0.1077	4101
0.108	4235
0.1083	4184
0.1086	4135
0.1089	4093
0.1092	4165
0.1095	4348
0.1098	4236
0.1101	4124
0.1104	4273
0.1107	4202
0.111	4232
0.1113	4281
0.1116	4163
0.1119	4139
0.1122	4288
0.1125	4117
0.1128	4364
0.1131	4229
0.1134	4181
0.1137	4210
0.114	4345
0.1143	4279
0.1146	4333
0.1149	4258
0.1152	4319
0.1155	4162
0.1158	4315
0.1161	4145
0.1164	4240
0.1167	4267
0.117	4246
0.1173	4292
0.1176	4217
0.1179	4215
0.1182	4345
0.1185	4183
0.1188	4289
0.1191	4216
0.1194	4218
0.1197	4371
0.12	4225
0.1203	4297
0.1206	4188
0.1209	4318
0.1212	4207
0.1215	4224
0.1218	4259
0.1221	4219
0.1224	4338
0.1227	4268
0.123	4171
0.1233	4276
0.1236	4189
0.1239	4325
0.1242	4282
0.1245	4200
0.1248	4212
0.1251	4348
0.1254	4213
0.1257	4241
0.126	4212
0.1263	4369
0.1266	4219
0.1269	4365
0.1272	4273
0.1275	4286
0.1278	4336
0.1281	4339
0.1284	4291
0.1287	4268
0.129	4254
0.1293	4217
0.1296	4322
0.1299	4325
0.1302	4216
0.1305	4286
0.1308	4208
0.1311	4062
0.1314	4308
0.1317	4137
0.132	4257
0.1323	4128
0.1326	4319
0.1329	4275
0.1332	4255
0.1335	4310
0.1338	4251
0.1341	4199
0.1344	4203
0.1347	4263
0.135	4155
0.1353	4257
0.1356	4183
0.1359	4285
0.1362	4225
0.1365	4286
0.1368	4245
0.1371	4247
0.1374	4253
0.1377	4242
0.138	4168
0.1383	4272
0.1386	4127
0.1389	4170
0.1392	4036
0.1395	4218
0.1398	4277
0.1401	4118
0.1404	4248
0.1407	4212
0.141	4201
0.1413	4090
0.1416	4185
0.1419	4203
0.1422	4209
0.1425	4218
0.1428	4080
0.1431	4223
0.1434	4170
0.1437	4114
0.144	4069
0.1443	4236
0.1446	4129
0.1449	4108
0.1452	4195
0.1455	4110
0.1458	4181
0.1461	4123
0.1464	4095
0.1467	4142
0.147	3989
0.1473	4063
0.1476	4065
0.1479	4181
0.1482	4015
0.1485	3980
0.1488	4079
0.1491	4085
0.1494	4022
0.1497	4061
0.15	4065
0.1503	3993
0.1506	4099
0.1509	3976
0.1512	4102
0.1515	3988
0.1518	4079
0.1521	3957
0.1524	4028
0.1527	3989
0.153	3884
0.1533	4010
0.1536	3962
0.1539	4011
0.1542	4033
0.1545	3995
0.1548	3913
0.1551	3933
0.1554	3967
0.1557	4016
0.156	3984
0.1563	3882
0.1566	3958
0.1569	3930
0.1572	3992
0.1575	3949
0.1578	3900
0.1581	4019
0.1584	3981
0.1587	3772
0.159	3892
0.1593	3925
0.1596	3965
0.1599	3823
0.1602	3852
0.1605	3897
0.1608	3883
0.1611	3815
0.1614	3912
0.1617	3936
0.162	3949
0.1623	3838
0.1626	3729
0.1629	3776
0.1632	3863
0.1635	3887
0.1638	3867
0.1641	3812
0.1644	3837
0.1647	3823
0.165	3793
0.1653	3848
0.1656	3844
0.1659	3855
0.1662	3832
0.1665	3759
0.1668	3846
0.1671	3879
0.1674	3770
0.1677	3791
0.168	3772
0.1683	3888
0.1686	3786
0.1689	3757
0.1692	3765
0.1695	3869
0.1698	3731
0.1701	3682
0.1704	3761
0.1707	3747
0.171	3699
0.1713	3737
0.1716	3799
0.1719	3697
0.1722	3656
0.1725	3728
0.1728	3651
0.1731	3605
0.1734	3801
0.1737	3728
0.174	3573
0.1743	3693
0.1746	3634
0.1749	3713
0.1752	3621
0.1755	3665
0.1758	3582
0.1761	3638
0.1764	3723
0.1767	3740
0.177	3691
0.1773	3649
0.1776	3683
0.1779	3567
0.1782	3669
0.1785	3621
0.1788	3594
0.1791	3630
0.1794	3523
0.1797	3620
0.18	3563
0.1803	3605
0.1806	3600
0.1809	3443
0.1812	3470
0.1815	3525
0.1818	3483
0.1821	3529
0.1824	3559
0.1827	3486
0.183	3521
0.1833	3443
0.1836	3436
0.1839	3472
0.1842	3369
0.1845	3435
0.1848	3507
0.1851	3439
0.1854	3418
0.1857	3426
0.186	3399
0.1863	3432
0.1866	3553
0.1869	3433
0.1872	3482
0.1875	3420
0.1878	3414
0.1881	3471
0.1884	3542
0.1887	3377
0.189	3387
0.1893	3362
0.1896	3387
0.1899	3398
0.1902	3441
0.1905	3487
0.1908	3306
0.1911	3414
0.1914	3382
0.1917	3324
0.192	3379
0.1923	3395
0.1926	3356
0.1929	3224
0.1932	3482
0.1935	3336
0.1938	3326
0.1941	3420
0.1944	3292
0.1947	3375
0.195	3265
0.1953	3247
0.1956	3286
0.1959	3286
0.1962	3278
0.1965	3317
0.1968	3346
0.1971	3109
0.1974	3216
0.1977	3170
0.198	3219
0.1983	3116
0.1986	3220
0.1989	3202
0.1992	3281
0.1995	3249
0.1998	3210
0.2001	3104
0.2004	3298
0.2007	3130
0.201	3241
0.2013	3217
0.2016	3049
0.2019	3154
0.2022	3067
0.2025	3159
0.2028	3203
0.2031	3139
0.2034	3134
0.2037	3129
0.204	3047
0.2043	3078
0.2046	3135
0.2049	3218
0.2052	3098
0.2055	2960
0.2058	3067
0.2061	3068
0.2064	3127
0.2067	3128
0.207	3007
0.2073	3120
0.2076	3038
0.2079	2984
0.2082	2886
0.2085	3049
0.2088	3107
0.2091	3055
0.2094	3040
0.2097	3048
0.21	2922
0.2103	3011
0.2106	3017
0.2109	2963
0.2112	3011
0.2115	3011
0.2118	2880
0.2121	3011
0.2124	2864
0.2127	2991
0.213	3006
0.2133	2934
0.2136	2914
0.2139	2931
0.2142	2871
0.2145	2961
0.2148	2885
0.2151	2868
0.2154	2927
0.2157	2950
0.216	2743
0.2163	2917
0.2166	2950
0.2169	2930
0.2172	2834
0.2175	2829
0.2178	2849
0.2181	2857
0.2184	2916
0.2187	2866
0.219	2870
0.2193	2807
0.2196	2829
0.2199	2834
0.2202	2806
0.2205	2806
0.2208	2779
0.2211	2752
0.2214	2768
0.2217	2737
0.222	2783
0.2223	2737
0.2226	2897
0.2229	2785
0.2232	2795
0.2235	2800
0.2238	2778
0.2241	2737
0.2244	2766
0.2247	2732
0.225	2686
0.2253	2816
0.2256	2718
0.2259	2815
0.2262	2642
0.2265	2765
0.2268	2776
0.2271	2743
0.2274	2725
0.2277	2755
0.228	2592
0.2283	2659
0.2286	2659
0.2289	2734
0.2292	2611
0.2295	2650
0.2298	2739
0.2301	2672
0.2304	2673
0.2307	2569
0.231	2645
0.2313	2616
0.2316	2543
0.2319	2670
0.2322	2590
0.2325	2582
0.2328	2541
0.2331	2555
0.2334	2579
0.2337	2546
0.234	2596
0.2343	2524
0.2346	2487
0.2349	2592
0.2352	2588
0.2355	2584
0.2358	2478
0.2361	2595
0.2364	2536
0.2367	2521
0.237	2552
0.2373	2596
0.2376	2543
0.2379	2543
0.2382	2527
0.2385	2565
0.2388	2605
0.2391	2443
0.2394	2518
0.2397	2517
0.24	2445
0.2403	2502
0.2406	2448
0.2409	2460
0.2412	2497
0.2415	2491
0.2418	2418
0.2421	2369
0.2424	2444
0.2427	2509
0.243	2485
0.2433	2458
0.2436	2478
0.2439	2506
0.2442	2414
0.2445	2430
0.2448	2468
0.2451	2484
0.2454	2347
0.2457	2375
0.246	2352
0.2463	2465
0.2466	2354
0.2469	2490
0.2472	2421
0.2475	2355
0.2478	2445
0.2481	2464
0.2484	2438
0.2487	2392
0.249	2448
0.2493	2376
0.2496	2405
0.2499	2460
0.2502	2334
0.2505	2376
0.2508	2357
0.2511	2415
0.2514	2292
0.2517	2277
0.252	2315
0.2523	2375
0.2526	2255
0.2529	2380
0.2532	2389
0.2535	2239
0.2538	2325
0.2541	2311
0.2544	2262
0.2547	2344
0.255	2366
0.2553	2232
0.2556	2328
0.2559	2147
0.2562	2221
0.2565	2344
0.2568	2279
0.2571	2265
0.2574	2261
0.2577	2253
0.258	2172
0.2583	2231
0.2586	2259
0.2589	2212
0.2592	2280
0.2595	2208
0.2598	2288
0.2601	2198
0.2604	2230
0.2607	2197
0.261	2169
0.2613	2243
0.2616	2177
0.2619	2149
0.2622	2208
0.2625	2165
0.2628	2214
0.2631	2225
0.2634	2158
0.2637	2175
0.264	2198
0.2643	2100
0.2646	2235
0.2649	2129
0.2652	2080
0.2655	2083
0.2658	2149
0.2661	2154
0.2664	2198
0.2667	2136
0.267	2103
0.2673	2070
0.2676	2100
0.2679	2084
0.2682	2026
0.2685	2135
0.2688	2101
0.2691	2076
0.2694	2048
0.2697	2106
0.27	2108
0.2703	2136
0.2706	2100
0.2709	2044
0.2712	2101
0.2715	2013
0.2718	2076
0.2721	2129
0.2724	2044
0.2727	2085
0.273	2050
0.2733	2053
0.2736	2014
0.2739	2116
0.2742	2025
0.2745	1998
0.2748	2084
0.2751	2000
0.2754	2035
0.2757	2030
0.276	2009
0.2763	2069
0.2766	1924
0.2769	1962
0.2772	2014
0.2775	2061
0.2778	2014
0.2781	2043
0.2784	2057
0.2787	1907
0.279	1958
0.2793	1967
0.2796	1981
0.2799	1966
0.2802	2025
0.2805	1946
0.2808	1953
0.2811	2078
0.2814	1912
0.2817	1952
0.282	1904
0.2823	1950
0.2826	1933
0.2829	1942
0.2832	1886
0.2835	2010
0.2838	1916
0.2841	1889
0.2844	1939
0.2847	1994
0.285	1878
0.2853	1960
0.2856	1814
0.2859	1859
0.2862	1844
0.2865	1878
0.2868	1890
0.2871	1862
0.2874	1846
0.2877	1870
0.288	1895
0.2883	1903
0.2886	1863
0.2889	1904
0.2892	1935
0.2895	1893
0.2898	1868
0.2901	1884
0.2904	1867
0.2907	1886
0.291	1922
0.2913	1872
0.2916	1799
0.2919	1802
0.2922	1810
0.2925	1856
0.2928	1829
0.2931	1748
0.2934	1785
0.2937	1738
0.294	1829
0.2943	1824
0.2946	1821
0.2949	1844
0.2952	1851
0.2955	1688
0.2958	1767
0.2961	1871
0.2964	1812
0.2967	1766
0.297	1799
0.2973	1763
0.2976	1736
0.2979	1811
0.2982	1711
0.2985	1729
0.2988	1764
0.2991	1789
0.2994	1743
0.2997	1748
0.3	1761
0.3003	1806
0.3006	1701
0.3009	1793
0.3012	1726
0.3015	1753
0.3018	1738
0.3021	1696
0.3024	1715
0.3027	1703
0.303	1701
0.3033	1667
0.3036	1753
0.3039	1722
0.3042	1740
0.3045	1620
0.3048	1684
0.3051	1647
0.3054	1686
0.3057	1615
0.306	1648
0.3063	1650
0.3066	1614
0.3069	1747
0.3072	1723
0.3075	1637
0.3078	1650
0.3081	1543
0.3084	1628
0.3087	1618
0.309	1612
0.3093	1684
0.3096	1700
0.3099	1590
0.3102	1680
0.3105	1678
0.3108	1692
0.3111	1616
0.3114	1649
0.3117	1589
0.312	1629
0.3123	1577
0.3126	1656
0.3129	1586
0.3132	1583
0.3135	1592
0.3138	1660
0.3141	1563
0.3144	1476
0.3147	1552
0.315	1564
0.3153	1651
0.3156	1548
0.3159	1556
0.3162	1565
0.3165	1570
0.3168	1564
0.3171	1551
0.3174	1590
0.3177	1676
0.318	1594
0.3183	1530
0.3186	1518
0.3189	1604
0.3192	1552
0.3195	1579
0.3198	1634
0.3201	1500
0.3204	1571
0.3207	1591
0.321	1548
0.3213	1519
0.3216	1549
0.3219	1585
0.3222	1502
0.3225	1573
0.3228	1529
0.3231	1570
0.3234	1513
0.3237	1541
0.324	1543
0.3243	1516
0.3246	1436
0.3249	1467
0.3252	1468
0.3255	1587
0.3258	1468
0.3261	1478
0.3264	1555
0.3267	1459
0.327	1557
0.3273	1543
0.3276	1491
0.3279	1466
0.3282	1520
0.3285	1484
0.3288	1503
0.3291	1501
0.3294	1466
0.3297	1514
0.33	1485
0.3303	1447
0.3306	1430
0.3309	1515
0.3312	1437
0.3315	1457
0.3318	1423
0.3321	1417
0.3324	1500
0.3327	1465
0.333	1365
0.3333	1430
0.3336	1493
0.3339	1476
0.3342	1393
0.3345	1436
0.3348	1407
0.3351	1361
0.3354	1383
0.3357	1441
0.336	1436
0.3363	1433
0.3366	1437
0.3369	1385
0.3372	1383
0.3375	1386
0.3378	1391
0.3381	1385
0.3384	1375
0.3387	1432
0.339	1436
0.3393	1359
0.3396	1383
0.3399	1281
0.3402	1370
0.3405	1352
0.3408	1387
0.3411	1423
0.3414	1324
0.3417	1381
0.342	1375
0.3423	1267
0.3426	1282
0.3429	1354
0.3432	1338
0.3435	1356
0.3438	1339
0.3441	1390
0.3444	1389
0.3447	1391
0.345	1358
0.3453	1330
0.3456	1360
0.3459	1337
0.3462	1319
0.3465	1301
0.3468	1269
0.3471	1336
0.3474	1318
0.3477	1264
0.348	1353
0.3483	1294
0.3486	1233
0.3489	1283
0.3492	1263
0.3495	1299
0.3498	1239
0.3501	1305
0.3504	1285
0.3507	1298
0.351	1303
0.3513	1298
0.3516	1310
0.3519	1261
0.3522	1213
0.3525	1326
0.3528	1337
0.3531	1240
0.3534	1285
0.3537	1273
0.354	1332
0.3543	1262
0.3546	1264
0.3549	1239
0.3552	1233
0.3555	1268
0.3558	1221
0.3561	1194
0.3564	1264
0.3567	1279
0.357	1215
0.3573	1200
0.3576	1275
0.3579	1196
0.3582	1258
0.3585	1213
0.3588	1238
0.3591	1207
0.3594	1240
0.3597	1193
0.36	1266
0.3603	1221
0.3606	1244
0.3609	1220
0.3612	1164
0.3615	1247
0.3618	1258
0.3621	1188
0.3624	1244
0.3627	1173
0.363	1157
0.3633	1280
0.3636	1185
0.3639	1195
0.3642	1167
0.3645	1205
0.3648	1227
0.3651	1168
0.3654	1183
0.3657	1163
0.366	1170
0.3663	1196
0.3666	1213
0.3669	1162
0.3672	1158
0.3675	1124
0.3678	1243
0.3681	1138
0.3684	1138
0.3687	1184
0.369	1131
0.3693	1127
0.3696	1106
0.3699	1094
0.3702	1104
0.3705	1142
0.3708	1192
0.3711	1196
0.3714	1149
0.3717	1155
0.372	1130
0.3723	1119
0.3726	1135
0.3729	1150
0.3732	1092
0.3735	1152
0.3738	1138
0.3741	1103
0.3744	1137
0.3747	1138
0.375	1177
0.3753	1149
0.3756	1148
0.3759	1162
0.3762	1172
0.3765	1159
0.3768	1047
0.3771	1109
0.3774	1152
0.3777	1044
0.378	1123
0.3783	1090
0.3786	1071
0.3789	1125
0.3792	1028
0.3795	1070
0.3798	1083
0.3801	1085
0.3804	1104
0.3807	1062
0.381	1134
0.3813	1064
0.3816	1057
0.3819	1008
0.3822	996
0.3825	1086
0.3828	1061
0.3831	1037
0.3834	1045
0.3837	1053
0.384	1032
0.3843	1070
0.3846	1066
0.3849	1066
0.3852	1041
0.3855	1078
0.3858	1055
0.3861	1038
0.3864	1000
0.3867	1053
0.387	1105
0.3873	1080
0.3876	1048
0.3879	1034
0.3882	1042
0.3885	1014
0.3888	1052
0.3891	1051
0.3894	1053
0.3897	1021
0.39	1042
0.3903	1061
0.3906	1053
0.3909	1061
0.3912	1034
0.3915	987
0.3918	1024
0.3921	1017
0.3924	1034
0.3927	1028
0.393	1015
0.3933	959
0.3936	1017
0.3939	1040
0.3942	975
0.3945	1007
0.3948	952
0.3951	973
0.3954	978
0.3957	978
0.396	1027
0.3963	1028
0.3966	971
0.3969	990
0.3972	993
0.3975	1013
0.3978	930
0.3981	959
0.3984	968
0.3987	968
0.399	935
0.3993	973
0.3996	989
0.3999	925
0.4002	941
0.4005	976
0.4008	977
0.4011	966
0.4014	963
0.4017	983
0.402	939
0.4023	968
0.4026	922
0.4029	951
0.4032	920
0.4035	965
0.4038	856
0.4041	991
0.4044	953
0.4047	907
0.405	954
0.4053	981
0.4056	910
0.4059	966
0.4062	932
0.4065	933
0.4068	905
0.4071	945
0.4074	940
0.4077	921
0.408	898
0.4083	979
0.4086	859
0.4089	958
0.4092	900
0.4095	890
0.4098	911
0.4101	920
0.4104	917
0.4107	899
0.411	896
0.4113	892
0.4116	866
0.4119	923
0.4122	942
0.4125	924
0.4128	897
0.4131	879
0.4134	887
0.4137	868
0.414	873
0.4143	894
0.4146	875
0.4149	908
0.4152	911
0.4155	951
0.4158	847
0.4161	861
0.4164	872
0.4167	925
0.417	960
0.4173	949
0.4176	950
0.4179	840
0.4182	907
0.4185	849
0.4188	816
0.4191	878
0.4194	866
0.4197	832
0.42	862
0.4203	849
0.4206	855
0.4209	813
0.4212	880
0.4215	863
0.4218	866
0.4221	853
0.4224	760
0.4227	832
0.423	861
0.4233	828
0.4236	820
0.4239	865
0.4242	818
0.4245	823
0.4248	792
0.4251	809
0.4254	857
0.4257	840
0.426	841
0.4263	848
0.4266	804
0.4269	833
0.4272	828
0.4275	856
0.4278	802
0.4281	840
0.4284	827
0.4287	851
0.429	814
0.4293	811
0.4296	785
0.4299	820
0.4302	841
0.4305	797
0.4308	794
0.4311	776
0.4314	837
0.4317	839
0.432	792
0.4323	828
0.4326	772
0.4329	805
0.4332	791
0.4335	812
0.4338	803
0.4341	806
0.4344	777
0.4347	765
0.435	808
0.4353	760
0.4356	809
0.4359	719
0.4362	837
0.4365	738
0.4368	772
0.4371	805
0.4374	794
0.4377	787
0.438	719
0.4383	791
0.4386	806
0.4389	752
0.4392	766
0.4395	766
0.4398	758
0.4401	790
0.4404	765
0.4407	764
0.441	750
0.4413	738
0.4416	761
0.4419	780
0.4422	716
0.4425	744
0.4428	802
0.4431	769
0.4434	714
0.4437	735
0.444	747
0.4443	771
0.4446	740
0.4449	743
0.4452	748
0.4455	752
0.4458	737
0.4461	785
0.4464	677
0.4467	728
0.447	731
0.4473	737
0.4476	719
0.4479	715
0.4482	707
0.4485	720
0.4488	702
0.4491	745
0.4494	688
0.4497	760
0.45	728
0.4503	708
0.4506	747
0.4509	691
0.4512	727
0.4515	761
0.4518	722
0.4521	707
0.4524	748
0.4527	719
0.453	712
0.4533	742
0.4536	685
0.4539	677
0.4542	699
0.4545	673
0.4548	692
0.4551	704
0.4554	713
0.4557	722
0.456	696
0.4563	657
0.4566	677
0.4569	707
0.4572	678
0.4575	722
0.4578	720
0.4581	707
0.4584	691
0.4587	707
0.459	705
0.4593	694
0.4596	701
0.4599	655
0.4602	651
0.4605	647
0.4608	625
0.4611	701
0.4614	696
0.4617	688
0.462	676
0.4623	702
0.4626	662
0.4629	654
0.4632	665
0.4635	668
0.4638	682
0.4641	638
0.4644	711
0.4647	678
0.465	663
0.4653	636
0.4656	660
0.4659	615
0.4662	638
0.4665	640
0.4668	617
0.4671	698
0.4674	615
0.4677	673
0.468	626
0.4683	607
0.4686	603
0.4689	598
0.4692	632
0.4695	629
0.4698	643
0.4701	626
0.4704	661
0.4707	621
0.471	614
0.4713	630
0.4716	640
0.4719	620
0.4722	668
0.4725	623
0.4728	608
0.4731	616
0.4734	645
0.4737	689
0.474	601
0.4743	648
0.4746	662
0.4749	583
0.4752	668
0.4755	627
0.4758	649
0.4761	629
0.4764	646
0.4767	632
0.477	640
0.4773	597
0.4776	605
0.4779	655
0.4782	605
0.4785	612
0.4788	617
0.4791	636
0.4794	608
0.4797	588
0.48	594
0.4803	596
0.4806	608
0.4809	586
0.4812	619
0.4815	570
0.4818	604
0.4821	612
0.4824	595
0.4827	653
0.483	568
0.4833	609
0.4836	571
0.4839	583
0.4842	611
0.4845	564
0.4848	564
0.4851	539
0.4854	571
0.4857	536
0.486	553
0.4863	610
0.4866	613
0.4869	574
0.4872	556
0.4875	551
0.4878	538
0.4881	528
0.4884	571
0.4887	564
0.489	592
0.4893	574
0.4896	592
0.4899	569
0.4902	589
0.4905	575
0.4908	552
0.4911	618
0.4914	566
0.4917	572
0.492	552
0.4923	578
0.4926	538
0.4929	536
0.4932	582
0.4935	561
0.4938	589
0.4941	564
0.4944	518
0.4947	546
0.495	568
0.4953	541
0.4956	568
0.4959	572
0.4962	575
0.4965	583
0.4968	576
0.4971	578
0.4974	564
0.4977	558
0.498	565
0.4983	509
0.4986	551
0.4989	539
0.4992	537
0.4995	579
0.4998	560
0.5001	551
0.5004	548
0.5007	561
0.501	524
0.5013	558
0.5016	505
0.5019	482
0.5022	522
0.5025	512
0.5028	551
0.5031	528
0.5034	528
0.5037	520
0.504	514
0.5043	519
0.5046	493
0.5049	517
0.5052	520
0.5055	542
0.5058	527
0.5061	512
0.5064	523
0.5067	536
0.507	510
0.5073	468
0.5076	503
0.5079	520
0.5082	547
0.5085	499
0.5088	488
0.5091	533
0.5094	487
0.5097	508
0.51	527
0.5103	462
0.5106	507
0.5109	505
0.5112	482
0.5115	505
0.5118	507
0.5121	488
0.5124	513
0.5127	479
0.513	475
0.5133	509
0.5136	509
0.5139	496
0.5142	464
0.5145	537
0.5148	510
0.5151	495
0.5154	477
0.5157	510
0.516	507
0.5163	511
0.5166	483
0.5169	495
0.5172	486
0.5175	500
0.5178	473
0.5181	496
0.5184	445
0.5187	496
0.519	472
0.5193	472
0.5196	505
0.5199	489
0.5202	458
0.5205	485
0.5208	475
0.5211	478
0.5214	426
0.5217	472
0.522	521
0.5223	454
0.5226	470
0.5229	478
0.5232	464
0.5235	463
0.5238	537
0.5241	449
0.5244	452
0.5247	485
0.525	438
0.5253	486
0.5256	466
0.5259	459
0.5262	461
0.5265	457
0.5268	474
0.5271	488
0.5274	442
0.5277	453
0.528	457
0.5283	448
0.5286	452
0.5289	472
0.5292	481
0.5295	470
0.5298	426
0.5301	457
0.5304	467
0.5307	452
0.531	442
0.5313	443
0.5316	451
0.5319	437
0.5322	418
0.5325	407
0.5328	407
0.5331	443
0.5334	416
0.5337	443
0.534	447
0.5343	407
0.5346	392
0.5349	446
0.5352	457
0.5355	432
0.5358	432
0.5361	393
0.5364	458
0.5367	438
0.537	417
0.5373	433
0.5376	435
0.5379	441
0.5382	449
0.5385	455
0.5388	462
0.5391	430
0.5394	445
0.5397	418
0.54	438
0.5403	419
0.5406	415
0.5409	427
0.5412	412
0.5415	399
0.5418	397
0.5421	417
0.5424	424
0.5427	403
0.543	447
0.5433	403
0.5436	437
0.5439	430
0.5442	399
0.5445	412
0.5448	423
0.5451	420
0.5454	404
0.5457	383
0.546	412
0.5463	403
0.5466	373
0.5469	421
0.5472	381
0.5475	424
0.5478	388
0.5481	412
0.5484	399
0.5487	396
0.549	418
0.5493	380
0.5496	386
0.5499	405
0.5502	386
0.5505	395
0.5508	391
0.5511	390
0.5514	395
0.5517	392
0.552	439
0.5523	384
0.5526	331
0.5529	373
0.5532	399
0.5535	413
0.5538	386
0.5541	355
0.5544	395
0.5547	379
0.555	345
0.5553	356
0.5556	375
0.5559	372
0.5562	367
0.5565	380
0.5568	401
0.5571	331
0.5574	391
0.5577	350
0.558	367
0.5583	377
0.5586	364
0.5589	378
0.5592	339
0.5595	361
0.5598	355
0.5601	365
0.5604	318
0.5607	378
0.561	415
0.5613	407
0.5616	356
0.5619	359
0.5622	382
0.5625	344
0.5628	340
0.5631	343
0.5634	373
0.5637	346
0.564	341
0.5643	364
0.5646	403
0.5649	388
0.5652	356
0.5655	362
0.5658	364
0.5661	388
0.5664	331
0.5667	349
0.567	355
0.5673	324
0.5676	321
0.5679	342
0.5682	358
0.5685	338
0.5688	362
0.5691	336
0.5694	370
0.5697	350
0.57	320
0.5703	376
0.5706	356
0.5709	336
0.5712	381
0.5715	364
0.5718	318
0.5721	314
0.5724	340
0.5727	350
0.573	367
0.5733	343
0.5736	322
0.5739	354
0.5742	327
0.5745	311
0.5748	342
0.5751	308
0.5754	330
0.5757	356
0.576	364
0.5763	307
0.5766	287
0.5769	326
0.5772	317
0.5775	328
0.5778	324
0.5781	319
0.5784	330
0.5787	344
0.579	329
0.5793	329
0.5796	326
0.5799	310
0.5802	325
0.5805	312
0.5808	330
0.5811	315
0.5814	333
0.5817	331
0.582	295
0.5823	327
0.5826	317
0.5829	323
0.5832	306
0.5835	322
0.5838	315
0.5841	311
0.5844	321
0.5847	344
0.585	317
0.5853	306
0.5856	322
0.5859	318
0.5862	268
0.5865	309
0.5868	311
0.5871	300
0.5874	310
0.5877	281
0.588	293
0.5883	332
0.5886	315
0.5889	324
0.5892	298
0.5895	324
0.5898	289
0.5901	286
0.5904	289
0.5907	289
0.591	296
0.5913	302
0.5916	341
0.5919	282
0.5922	293
0.5925	312
0.5928	335
0.5931	303
0.5934	295
0.5937	317
0.594	289
0.5943	301
0.5946	296
0.5949	315
0.5952	291
0.5955	279
0.5958	300
0.5961	285
0.5964	286
0.5967	311
0.597	286
0.5973	267
0.5976	299
0.5979	302
0.5982	275
0.5985	295
0.5988	319
0.5991	304
0.5994	290
0.5997	277
0.6	272
0.6003	298
0.6006	262
0.6009	313
0.6012	304
0.6015	290
0.6018	295
0.6021	271
0.6024	307
0.6027	322
0.603	276
0.6033	277
0.6036	276
0.6039	265
0.6042	281
0.6045	245
0.6048	319
0.6051	267
0.6054	292
0.6057	269
0.606	277
0.6063	270
0.6066	281
0.6069	268
0.6072	248
0.6075	237
0.6078	276
0.6081	242
0.6084	271
0.6087	265
0.609	277
0.6093	272
0.6096	288
0.6099	262
0.6102	279
0.6105	261
0.6108	255
0.6111	235
0.6114	282
0.6117	269
0.612	269
0.6123	286
0.6126	245
0.6129	287
0.6132	253
0.6135	250
0.6138	278
0.6141	260
0.6144	238
0.6147	241
0.615	232
0.6153	251
0.6156	241
0.6159	252
0.6162	240
0.6165	265
0.6168	247
0.6171	277
0.6174	244
0.6177	248
0.618	270
0.6183	252
0.6186	277
0.6189	254
0.6192	265
0.6195	241
0.6198	240
0.6201	254
0.6204	232
0.6207	247
0.621	223
0.6213	216
0.6216	228
0.6219	241
0.6222	238
0.6225	223
0.6228	248
0.6231	254
0.6234	227
0.6237	242
0.624	227
0.6243	239
0.6246	235
0.6249	219
0.6252	230
0.6255	237
0.6258	231
0.6261	239
0.6264	243
0.6267	242
0.627	240
0.6273	228
0.6276	220
0.6279	222
0.6282	252
0.6285	232
0.6288	226
0.6291	207
0.6294	216
0.6297	233
0.63	203
0.6303	220
0.6306	231
0.6309	214
0.6312	217
0.6315	220
0.6318	234
0.6321	237
0.6324	232
0.6327	183
0.633	240
0.6333	232
0.6336	212
0.6339	214
0.6342	231
0.6345	214
0.6348	240
0.6351	216
0.6354	230
0.6357	242
0.636	221
0.6363	203
0.6366	200
0.6369	203
0.6372	192
0.6375	187
0.6378	236
0.6381	211
0.6384	219
0.6387	217
0.639	212
0.6393	235
0.6396	202
0.6399	211
0.6402	196
0.6405	213
0.6408	198
0.6411	193
0.6414	225
0.6417	199
0.642	227
0.6423	191
0.6426	209
0.6429	221
0.6432	193
0.6435	207
0.6438	185
0.6441	198
0.6444	192
0.6447	202
0.645	207
0.6453	215
0.6456	196
0.6459	205
0.6462	191
0.6465	218
0.6468	183
0.6471	184
0.6474	187
0.6477	186
0.648	218
0.6483	210
0.6486	191
0.6489	211
0.6492	212
0.6495	200
0.6498	210
0.6501	217
0.6504	185
0.6507	193
0.651	168
0.6513	218
0.6516	214
0.6519	171
0.6522	169
0.6525	191
0.6528	197
0.6531	180
0.6534	171
0.6537	201
0.654	192
0.6543	205
0.6546	192
0.6549	170
0.6552	181
0.6555	179
0.6558	196
0.6561	164
0.6564	191
0.6567	185
0.657	191
0.6573	178
0.6576	184
0.6579	198
0.6582	185
0.6585	127
0.6588	182
0.6591	166
0.6594	178
0.6597	181
0.66	164
0.6603	163
0.6606	177
0.6609	182
0.6612	171
0.6615	184
0.6618	193
0.6621	172
0.6624	152
0.6627	176
0.663	170
0.6633	169
0.6636	176
0.6639	182
0.6642	197
0.6645	164
0.6648	157
0.6651	157
0.6654	163
0.6657	170
0.666	185
0.6663	180
0.6666	169
0.6669	136
0.6672	166
0.6675	190
0.6678	183
0.6681	174
0.6684	161
0.6687	165
0.669	168
0.6693	158
0.6696	173
0.6699	156
0.6702	156
0.6705	144
0.6708	181
0.6711	179
0.6714	154
0.6717	158
0.672	158
0.6723	165
0.6726	158
0.6729	153
0.6732	179
0.6735	170
0.6738	149
0.6741	148
0.6744	169
0.6747	153
0.675	141
0.6753	154
0.6756	174
0.6759	153
0.6762	148
0.6765	162
0.6768	148
0.6771	153
0.6774	144
0.6777	151
0.678	147
0.6783	152
0.6786	144
0.6789	133
0.6792	158
0.6795	146
0.6798	114
0.6801	132
0.6804	140
0.6807	140
0.681	142
0.6813	143
0.6816	148
0.6819	135
0.6822	124
0.6825	143
0.6828	146
0.6831	113
0.6834	146
0.6837	120
0.684	147
0.6843	124
0.6846	126
0.6849	148
0.6852	176
0.6855	125
0.6858	135
0.6861	129
0.6864	144
0.6867	116
0.687	145
0.6873	151
0.6876	130
0.6879	162
0.6882	121
0.6885	119
0.6888	145
0.6891	143
0.6894	139
0.6897	148
0.69	132
0.6903	156
0.6906	148
0.6909	129
0.6912	135
0.6915	124
0.6918	128
0.6921	110
0.6924	149
0.6927	140
0.693	138
0.6933	127
0.6936	117
0.6939	111
0.6942	132
0.6945	123
0.6948	126
0.6951	100
0.6954	140
0.6957	103
0.696	110
0.6963	113
0.6966	120
0.6969	110
0.6972	119
0.6975	112
0.6978	139
0.6981	126
0.6984	103
0.6987	124
0.699	103
0.6993	126
0.6996	109
0.6999	115
0.7002	107
0.7005	125
0.7008	114
0.7011	133
0.7014	119
0.7017	123
0.702	112
0.7023	108
0.7026	109
0.7029	99
0.7032	90
0.7035	105
0.7038	119
0.7041	109
0.7044	115
0.7047	133
0.705	110
0.7053	94
0.7056	100
0.7059	125
0.7062	107
0.7065	109
0.7068	107
0.7071	111
0.7074	130
0.7077	126
0.708	104
0.7083	105
0.7086	114
0.7089	103
0.7092	89
0.7095	132
0.7098	103
0.7101	83
0.7104	114
0.7107	93
0.711	91
0.7113	122
0.7116	106
0.7119	94
0.7122	102
0.7125	100
0.7128	106
0.7131	98
0.7134	126
0.7137	98
0.714	97
0.7143	92
0.7146	107
0.7149	96
0.7152	93
0.7155	96
0.7158	92
0.7161	92
0.7164	109
0.7167	96
0.717	89
0.7173	104
0.7176	101
0.7179	82
0.7182	93
0.7185	103
0.7188	86
0.7191	85
0.7194	102
0.7197	96
0.72	91
0.7203	93
0.7206	83
0.7209	87
0.7212	78
0.7215	100
0.7218	106
0.7221	78
0.7224	75
0.7227	83
0.723	98
0.7233	89
0.7236	88
0.7239	114
0.7242	74
0.7245	96
0.7248	90
0.7251	81
0.7254	87
0.7257	73
0.726	94
0.7263	93
0.7266	81
0.7269	80
0.7272	81
0.7275	85
0.7278	86
0.7281	77
0.7284	86
0.7287	82
0.729	79
0.7293	84
0.7296	84
0.7299	90
0.7302	73
0.7305	73
0.7308	73
0.7311	88
0.7314	98
0.7317	82
0.732	68
0.7323	80
0.7326	74
0.7329	72
0.7332	76
0.7335	78
0.7338	74
0.7341	73
0.7344	67
0.7347	71
0.735	72
0.7353	90
0.7356	57
0.7359	64
0.7362	81
0.7365	75
0.7368	68
0.7371	62
0.7374	53
0.7377	65
0.738	71
0.7383	71
0.7386	74
0.7389	71
0.7392	77
0.7395	74
0.7398	78
0.7401	76
0.7404	62
0.7407	62
0.741	62
0.7413	65
0.7416	60
0.7419	61
0.7422	45
0.7425	69
0.7428	52
0.7431	71
0.7434	60
0.7437	71
0.744	75
0.7443	60
0.7446	70
0.7449	56
0.7452	55
0.7455	62
0.7458	55
0.7461	48
0.7464	55
0.7467	51
0.747	66
0.7473	67
0.7476	51
0.7479	45
0.7482	61
0.7485	51
0.7488	49
0.7491	56
0.7494	48
0.7497	70
0.75	62
0.7503	35
0.7506	46
0.7509	50
0.7512	46
0.7515	55
0.7518	53
0.7521	61
0.7524	59
0.7527	51
0.753	48
0.7533	55
0.7536	52
0.7539	40
0.7542	42
0.7545	52
0.7548	52
0.7551	49
0.7554	47
0.7557	50
0.756	54
0.7563	42
0.7566	45
0.7569	50
0.7572	58
0.7575	38
0.7578	50
0.7581	41
0.7584	47
0.7587	48
0.759	48
0.7593	46
0.7596	43
0.7599	48
0.7602	40
0.7605	53
0.7608	44
0.7611	53
0.7614	42
0.7617	42
0.762	45
0.7623	50
0.7626	46
0.7629	35
0.7632	48
0.7635	33
0.7638	34
0.7641	36
0.7644	46
0.7647	33
0.765	28
0.7653	38
0.7656	26
0.7659	37
0.7662	35
0.7665	34
0.7668	45
0.7671	35
0.7674	44
0.7677	38
0.768	41
0.7683	40
0.7686	34
0.7689	37
0.7692	38
0.7695	29
0.7698	39
0.7701	44
0.7704	26
0.7707	35
0.771	36
0.7713	24
0.7716	20
0.7719	29
0.7722	29
0.7725	26
0.7728	32
0.7731	23
0.7734	28
0.7737	23
0.774	34
0.7743	27
0.7746	32
0.7749	27
0.7752	29
0.7755	35
0.7758	34
0.7761	24
0.7764	17
0.7767	24
0.777	26
0.7773	26
0.7776	30
0.7779	23
0.7782	26
0.7785	23
0.7788	25
0.7791	25
0.7794	23
0.7797	17
0.78	27
0.7803	25
0.7806	22
0.7809	19
0.7812	19
0.7815	29
0.7818	21
0.7821	16
0.7824	20
0.7827	15
0.783	24
0.7833	17
0.7836	22
0.7839	19
0.7842	21
0.7845	24
0.7848	22
0.7851	14
0.7854	16
0.7857	14
0.786	15
0.7863	15
0.7866	20
0.7869	19
0.7872	18
0.7875	9
0.7878	11
0.7881	19
0.7884	17
0.7887	8
0.789	13
0.7893	15
0.7896	13
0.7899	11
0.7902	17
0.7905	11
0.7908	11
0.7911	11
0.7914	15
0.7917	9
0.792	12
0.7923	10
0.7926	11
0.7929	12
0.7932	12
0.7935	7
0.7938	10
0.7941	12
0.7944	5
0.7947	5
0.795	12
0.7953	4
0.7956	8
0.7959	10
0.7962	5
0.7965	5
0.7968	3
0.7971	0
0.7974	4
0.7977	0
0.798	1
0.7983	2
0.7986	1
0.7989	1
0.7992	5
0.7995	3
0.7998	0
0.8001	0
0.8004	0
0.8007	0
0.801	0
0.8013	0
0.8016	0
0.8019	0
0.8022	0
0.8025	0
0.8028	0
0.8031	0
0.8034	0
0.8037	0
0.804	0
0.8043	0
0.8046	0
0.8049	0
0.8052	0
0.8055	0
0.8058	0
0.8061	0
0.8064	0
0.8067	0
0.807	0
0.8073	0
0.8076	0
0.8079	0
0.8082	0
0.8085	0
0.8088	0
0.8091	0
0.8094	0
0.8097	0
0.81	0
0.8103	0
0.8106	0
0.8109	0
0.8112	0
0.8115	0
0.8118	0
0.8121	0
0.8124	0
0.8127	0
0.813	0
0.8133	0
0.8136	0
0.8139	0
0.8142	0
0.8145	0
0.8148	0
0.8151	0
0.8154	0
0.8157	0
0.816	0
0.8163	0
0.8166	0
0.8169	0
0.8172	0
0.8175	0
0.8178	0
0.8181	0
0.8184	0
0.8187	0
0.819	0
0.8193	0
0.8196	0
0.8199	0
0.8202	0
0.8205	0
0.8208	0
0.8211	0
0.8214	0
0.8217	0
0.822	0
0.8223	0
0.8226	0
0.8229	0
0.8232	0
0.8235	0
0.8238	0
0.8241	0
0.8244	0
0.8247	0
0.825	0
0.8253	0
0.8256	0
0.8259	0
0.8262	0
0.8265	0
0.8268	0
0.8271	0
0.8274	0
0.8277	0
0.828	0
0.8283	0
0.8286	0
0.8289	0
0.8292	0
0.8295	0
0.8298	0
0.8301	0
0.8304	0
0.8307	0
0.831	0
0.8313	0
0.8316	0
0.8319	0
0.8322	0
0.8325	0
0.8328	0
0.8331	0
0.8334	0
0.8337	0
0.834	0
0.8343	0
0.8346	0
0.8349	0
0.8352	0
0.8355	0
0.8358	0
0.8361	0
0.8364	0
0.8367	0
0.837	0
0.8373	0
0.8376	0
0.8379	0
0.8382	0
0.8385	0
0.8388	0
0.8391	0
0.8394	0
0.8397	0
0.84	0
0.8403	0
0.8406	0
0.8409	0
0.8412	0
0.8415	0
0.8418	0
0.8421	0
0.8424	0
0.8427	0
0.843	0
0.8433	0
0.8436	0
0.8439	0
0.8442	0
0.8445	0
0.8448	0
0.8451	0
0.8454	0
0.8457	0
0.846	0
0.8463	0
0.8466	0
0.8469	0
0.8472	0
0.8475	0
0.8478	0
0.8481	0
0.8484	0
0.8487	0
0.849	0
0.8493	0
0.8496	0
0.8499	0
0.8502	0
0.8505	0
0.8508	0
0.8511	0
0.8514	0
0.8517	0
0.852	0
0.8523	0
0.8526	0
0.8529	0
0.8532	0
0.8535	0
0.8538	0
0.8541	0
0.8544	0
0.8547	0
0.855	0
0.8553	0
0.8556	0
0.8559	0
0.8562	0
0.8565	0
0.8568	0
0.8571	0
0.8574	0
0.8577	0
0.858	0
0.8583	0
0.8586	0
0.8589	0
0.8592	0
0.8595	0
0.8598	0
0.8601	0
0.8604	0
0.8607	0
0.861	0
0.8613	0
0.8616	0
0.8619	0
0.8622	0
0.8625	0
0.8628	0
0.8631	0
0.8634	0
0.8637	0
0.864	0
0.8643	0
0.8646	0
0.8649	0
0.8652	0
0.8655	0
0.8658	0
0.8661	0
0.8664	0
0.8667	0
0.867	0
0.8673	0
0.8676	0
0.8679	0
0.8682	0
0.8685	0
0.8688	0
0.8691	0
0.8694	0
0.8697	0
0.87	0
0.8703	0
0.8706	0
0.8709	0
0.8712	0
0.8715	0
0.8718	0
0.8721	0
0.8724	0
0.8727	0
0.873	0
0.8733	0
0.8736	0
0.8739	0
0.8742	0
0.8745	0
0.8748	0
0.8751	0
0.8754	0
0.8757	0
0.876	0
0.8763	0
0.8766	0
0.8769	0
0.8772	0
0.8775	0
0.8778	0
0.8781	0
0.8784	0
0.8787	0
0.879	0
0.8793	0
0.8796	0
0.8799	0
0.8802	0
0.8805	0
0.8808	0
0.8811	0
0.8814	0
0.8817	0
0.882	0
0.8823	0
0.8826	0
0.8829	0
0.8832	0
0.8835	0
0.8838	0
0.8841	0
0.8844	0
0.8847	0
0.885	0
0.8853	0
0.8856	0
0.8859	0
0.8862	0
0.8865	0
0.8868	0
0.8871	0
0.8874	0
0.8877	0
0.888	0
0.8883	0
0.8886	0
0.8889	0
0.8892	0
0.8895	0
0.8898	0
0.8901	0
0.8904	0
0.8907	0
0.891	0
0.8913	0
0.8916	0
0.8919	0
0.8922	0
0.8925	0
0.8928	0
0.8931	0
0.8934	0
0.8937	0
0.894	0
0.8943	0
0.8946	0
0.8949	0
0.8952	0
0.8955	0
0.8958	0
0.8961	0
0.8964	0
0.8967	0
0.897	0
0.8973	0
0.8976	0
0.8979	0
0.8982	0
0.8985	0
0.8988	0
0.8991	0
0.8994	0
0.8997	0
0.9	0
0.9003	0
0.9006	0
0.9009	0
0.9012	0
0.9015	0
0.9018	0
0.9021	0
0.9024	0
0.9027	0
0.903	0
0.9033	0
0.9036	0
0.9039	0
0.9042	0
0.9045	0
0.9048	0
0.9051	0
0.9054	0
0.9057	0
0.906	0
0.9063	0
0.9066	0
0.9069	0
0.9072	0
0.9075	0
0.9078	0
0.9081	0
0.9084	0
0.9087	0
0.909	0
0.9093	0
0.9096	0
0.9099	0
0.9102	0
0.9105	0
0.9108	0
0.9111	0
0.9114	0
0.9117	0
0.912	0
0.9123	0
0.9126	0
0.9129	0
0.9132	0
0.9135	0
0.9138	0
0.9141	0
0.9144	0
0.9147	0
0.915	0
0.9153	0
0.9156	0
0.9159	0
0.9162	0
0.9165	0
0.9168	0
0.9171	0
0.9174	0
0.9177	0
0.918	0
0.9183	0
0.9186	0
0.9189	0
0.9192	0
0.9195	0
0.9198	0
0.9201	0
0.9204	0
0.9207	0
0.921	0
0.9213	0
0.9216	0
0.9219	0
0.9222	0
0.9225	0
0.9228	0
0.9231	0
0.9234	0
0.9237	0
0.924	0
0.9243	0
0.9246	0
0.9249	0
0.9252	0
0.9255	0
0.9258	0
0.9261	0
0.9264	0
0.9267	0
0.927	0
0.9273	0
0.9276	0
0.9279	0
0.9282	0
0.9285	0
0.9288	0
0.9291	0
0.9294	0
0.9297	0
0.93	0
0.9303	0
0.9306	0
0.9309	0
0.9312	0
0.9315	0
0.9318	0
0.9321	0
0.9324	0
0.9327	0
0.933	0
0.9333	0
0.9336	0
0.9339	0
0.9342	0
0.9345	0
0.9348	0
0.9351	0
0.9354	0
0.9357	0
0.936	0
0.9363	0
0.9366	0
0.9369	0
0.9372	0
0.9375	0
0.9378	0
0.9381	0
0.9384	0
0.9387	0
0.939	0
0.9393	0
0.9396	0
0.9399	0
0.9402	0
0.9405	0
0.9408	0
0.9411	0
0.9414	0
0.9417	0
0.942	0
0.9423	0
0.9426	0
0.9429	0
0.9432	0
0.9435	0
0.9438	0
0.9441	0
0.9444	0
0.9447	0
0.945	0
0.9453	0
0.9456	0
0.9459	0
0.9462	0
0.9465	0
0.9468	0
0.9471	0
0.9474	0
0.9477	0
0.948	0
0.9483	0
0.9486	0
0.9489	0
0.9492	0
0.9495	0
0.9498	0
0.9501	0
0.9504	0
0.9507	0
0.951	0
0.9513	0
0.9516	0
0.9519	0
0.9522	0
0.9525	0
0.9528	0
0.9531	0
0.9534	0
0.9537	0
0.954	0
0.9543	0
0.9546	0
0.9549	0
0.9552	0
0.9555	0
0.9558	0
0.9561	0
0.9564	0
0.9567	0
0.957	0
0.9573	0
0.9576	0
0.9579	0
0.9582	0
0.9585	0
0.9588	0
0.9591	0
0.9594	0
0.9597	0
0.96	0
0.9603	0
0.9606	0
0.9609	0
0.9612	0
0.9615	0
0.9618	0
0.9621	0
0.9624	0
0.9627	0
0.963	0
0.9633	0
0.9636	0
0.9639	0
0.9642	0
0.9645	0
0.9648	0
0.9651	0
0.9654	0
0.9657	0
0.966	0
0.9663	0
0.9666	0
0.9669	0
0.9672	0
0.9675	0
0.9678	0
0.9681	0
0.9684	0
0.9687	0
0.969	0
0.9693	0
0.9696	0
0.9699	0
0.9702	0
0.9705	0
0.9708	0
0.9711	0
0.9714	0
0.9717	0
0.972	0
0.9723	0
0.9726	0
0.9729	0
0.9732	0
0.9735	0
0.9738	0
0.9741	0
0.9744	0
0.9747	0
0.975	0
0.9753	0
0.9756	0
0.9759	0
0.9762	0
0.9765	0
0.9768	0
0.9771	0
0.9774	0
0.9777	0
0.978	0
0.9783	0
0.9786	0
0.9789	0
0.9792	0
0.9795	0
0.9798	0
0.9801	0
0.9804	0
0.9807	0
0.981	0
0.9813	0
0.9816	0
0.9819	0
0.9822	0
0.9825	0
0.9828	0
0.9831	0
0.9834	0
0.9837	0
0.984	0
0.9843	0
0.9846	0
0.9849	0
0.9852	0
0.9855	0
0.9858	0
0.9861	0
0.9864	0
0.9867	0
0.987	0
0.9873	0
0.9876	0
0.9879	0
0.9882	0
0.9885	0
0.9888	0
0.9891	0
0.9894	0
0.9897	0
0.99	0
0.9903	0
0.9906	0
0.9909	0
0.9912	0
0.9915	0
0.9918	0
0.9921	0
0.9924	0
0.9927	0
0.993	0
0.9933	0
0.9936	0
0.9939	0
0.9942	0
0.9945	0
0.9948	0
0.9951	0
0.9954	0
0.9957	0
0.996	0
0.9963	0
0.9966	0
0.9969	0
0.9972	0
0.9975	0
0.9978	0
0.9981	0
0.9984	0
0.9987	0
0.999	0
0.9993	0
0.9996	0
0.9999	0
1.0002	0
1.0005	0
1.0008	0
1.0011	0
1.0014	0
1.0017	0
1.002	0
1.0023	0
1.0026	0
1.0029	0
1.0032	0
1.0035	0
1.0038	0
1.0041	0
1.0044	0
1.0047	0
1.005	0
1.0053	0
1.0056	0
1.0059	0
1.0062	0
1.0065	0
1.0068	0
1.0071	0
1.0074	0
1.0077	0
1.008	0
1.0083	0
1.0086	0
1.0089	0
1.0092	0
1.0095	0
1.0098	0
1.0101	0
1.0104	0
1.0107	0
1.011	0
1.0113	0
1.0116	0
1.0119	0
1.0122	0
1.0125	0
1.0128	0
1.0131	0
1.0134	0
1.0137	0
1.014	0
1.0143	0
1.0146	0
1.0149	0
1.0152	0
1.0155	0
1.0158	0
1.0161	0
1.0164	0
1.0167	0
1.017	0
1.0173	0
1.0176	0
1.0179	0
1.0182	0
1.0185	0
1.0188	0
1.0191	0
1.0194	0
1.0197	0
1.02	0
1.0203	0
1.0206	0
1.0209	0
1.0212	0
1.0215	0
1.0218	0
1.0221	0
1.0224	0
1.0227	0
1.023	0
1.0233	0
1.0236	0
1.0239	0
1.0242	0
1.0245	0
1.0248	0
1.0251	0
1.0254	0
1.0257	0
1.026	0
1.0263	0
1.0266	0
1.0269	0
1.0272	0
1.0275	0
1.0278	0
1.0281	0
1.0284	0
1.0287	0
1.029	0
1.0293	0
1.0296	0
1.0299	0
1.0302	0
1.0305	0
1.0308	0
1.0311	0
1.0314	0
1.0317	0
1.032	0
1.0323	0
1.0326	0
1.0329	0
1.0332	0
1.0335	0
1.0338	0
1.0341	0
1.0344	0
1.0347	0
1.035	0
1.0353	0
1.0356	0
1.0359	0
1.0362	0
1.0365	0
1.0368	0
1.0371	0
1.0374	0
1.0377	0
1.038	0
1.0383	0
1.0386	0
1.0389	0
1.0392	0
1.0395	0
1.0398	0
1.0401	0
1.0404	0
1.0407	0
1.041	0
1.0413	0
1.0416	0
1.0419	0
1.0422	0
1.0425	0
1.0428	0
1.0431	0
1.0434	0
1.0437	0
1.044	0
1.0443	0
1.0446	0
1.0449	0
1.0452	0
1.0455	0
1.0458	0
1.0461	0
1.0464	0
1.0467	0
1.047	0
1.0473	0
1.0476	0
1.0479	0
1.0482	0
1.0485	0
1.0488	0
1.0491	0
1.0494	0
1.0497	0
1.05	0
1.0503	0
1.0506	0
1.0509	0
1.0512	0
1.0515	0
1.0518	0
1.0521	0
1.0524	0
1.0527	0
1.053	0
1.0533	0
1.0536	0
1.0539	0
1.0542	0
1.0545	0
1.0548	0
1.0551	0
1.0554	0
1.0557	0
1.056	0
1.0563	0
1.0566	0
1.0569	0
1.0572	0
1.0575	0
1.0578	0
1.0581	0
1.0584	0
1.0587	0
1.059	0
1.0593	0
1.0596	0
1.0599	0
1.0602	0
1.0605	0
1.0608	0
1.0611	0
1.0614	0
1.0617	0
1.062	0
1.0623	0
1.0626	0
1.0629	0
1.0632	0
1.0635	0
1.0638	0
1.0641	0
1.0644	0
1.0647	0
1.065	0
1.0653	0
1.0656	0
1.0659	0
1.0662	0
1.0665	0
1.0668	0
1.0671	0
1.0674	0
1.0677	0
1.068	0
1.0683	0
1.0686	0
1.0689	0
1.0692	0
1.0695	0
1.0698	0
1.0701	0
1.0704	0
1.0707	0
1.071	0
1.0713	0
1.0716	0
1.0719	0
1.0722	0
1.0725	0
1.0728	0
1.0731	0
1.0734	0
1.0737	0
1.074	0
1.0743	0
1.0746	0
1.0749	0
1.0752	0
1.0755	0
1.0758	0
1.0761	0
1.0764	0
1.0767	0
1.077	0
1.0773	0
1.0776	0
1.0779	0
1.0782	0
1.0785	0
1.0788	0
1.0791	0
1.0794	0
1.0797	0
1.08	0
1.0803	0
1.0806	0
1.0809	0
1.0812	0
1.0815	0
1.0818	0
1.0821	0
1.0824	0
1.0827	0
1.083	0
1.0833	0
1.0836	0
1.0839	0
1.0842	0
1.0845	0
1.0848	0
1.0851	0
1.0854	0
1.0857	0
1.086	0
1.0863	0
1.0866	0
1.0869	0
1.0872	0
1.0875	0
1.0878	0
1.0881	0
1.0884	0
1.0887	0
1.089	0
1.0893	0
1.0896	0
1.0899	0
1.0902	0
1.0905	0
1.0908	0
1.0911	0
1.0914	0
1.0917	0
1.092	0
1.0923	0
1.0926	0
1.0929	0
1.0932	0
1.0935	0
1.0938	0
1.0941	0
1.0944	0
1.0947	0
1.095	0
1.0953	0
1.0956	0
1.0959	0
1.0962	0
1.0965	0
1.0968	0
1.0971	0
1.0974	0
1.0977	0
1.098	0
1.0983	0
1.0986	0
1.0989	0
1.0992	0
1.0995	0
1.0998	0
1.1001	0
1.1004	0
1.1007	0
1.101	0
1.1013	0
1.1016	0
1.1019	0
1.1022	0
1.1025	0
1.1028	0
1.1031	0
1.1034	0
1.1037	0
1.104	0
1.1043	0
1.1046	0
1.1049	0
1.1052	0
1.1055	0
1.1058	0
1.1061	0
1.1064	0
1.1067	0
1.107	0
1.1073	0
1.1076	0
1.1079	0
1.1082	0
1.1085	0
1.1088	0
1.1091	0
1.1094	0
1.1097	0
1.11	0
1.1103	0
1.1106	0
1.1109	0
1.1112	0
1.1115	0
1.1118	0
1.1121	0
1.1124	0
1.1127	0
1.113	0
1.1133	0
1.1136	0
1.1139	0
1.1142	0
1.1145	0
1.1148	0
1.1151	0
1.1154	0
1.1157	0
1.116	0
1.1163	0
1.1166	0
1.1169	0
1.1172	0
1.1175	0
1.1178	0
1.1181	0
1.1184	0
1.1187	0
1.119	0
1.1193	0
1.1196	0
1.1199	0
1.1202	0
1.1205	0
1.1208	0
1.1211	0
1.1214	0
1.1217	0
1.122	0
1.1223	0
1.1226	0
1.1229	0
1.1232	0
1.1235	0
1.1238	0
1.1241	0
1.1244	0
1.1247	0
1.125	0
1.1253	0
1.1256	0
1.1259	0
1.1262	0
1.1265	0
1.1268	0
1.1271	0
1.1274	0
1.1277	0
1.128	0
1.1283	0
1.1286	0
1.1289	0
1.1292	0
1.1295	0
1.1298	0
1.1301	0
1.1304	0
1.1307	0
1.131	0
1.1313	0
1.1316	0
1.1319	0
1.1322	0
1.1325	0
1.1328	0
1.1331	0
1.1334	0
1.1337	0
1.134	0
1.1343	0
1.1346	0
1.1349	0
1.1352	0
1.1355	0
1.1358	0
1.1361	0
1.1364	0
1.1367	0
1.137	0
1.1373	0
1.1376	0
1.1379	0
1.1382	0
1.1385	0
1.1388	0
1.1391	0
1.1394	0
1.1397	0
1.14	0
1.1403	0
1.1406	0
1.1409	0
1.1412	0
1.1415	0
1.1418	0
1.1421	0
1.1424	0
1.1427	0
1.143	0
1.1433	0
1.1436	0
1.1439	0
1.1442	0
1.1445	0
1.1448	0
1.1451	0
1.1454	0
1.1457	0
1.146	0
1.1463	0
1.1466	0
1.1469	0
1.1472	0
1.1475	0
1.1478	0
1.1481	0
1.1484	0
1.1487	0
1.149	0
1.1493	0
1.1496	0
1.1499	0
1.1502	0
1.1505	0
1.1508	0
1.1511	0
1.1514	0
1.1517	0
1.152	0
1.1523	0
1.1526	0
1.1529	0
1.1532	0
1.1535	0
1.1538	0
1.1541	0
1.1544	0
1.1547	0
1.155	0
1.1553	0
1.1556	0
1.1559	0
1.1562	0
1.1565	0
1.1568	0
1.1571	0
1.1574	0
1.1577	0
1.158	0
1.1583	0
1.1586	0
1.1589	0
1.1592	0
1.1595	0
1.1598	0
1.1601	0
1.1604	0
1.1607	0
1.161	0
1.1613	0
1.1616	0
1.1619	0
1.1622	0
1.1625	0
1.1628	0
1.1631	0
1.1634	0
1.1637	0
1.164	0
1.1643	0
1.1646	0
1.1649	0
1.1652	0
1.1655	0
1.1658	0
1.1661	0
1.1664	0
1.1667	0
1.167	0
1.1673	0
1.1676	0
1.1679	0
1.1682	0
1.1685	0
1.1688	0
1.1691	0
1.1694	0
1.1697	0
1.17	0
1.1703	0
1.1706	0
1.1709	0
1.1712	0
1.1715	0
1.1718	0
1.1721	0
1.1724	0
1.1727	0
1.173	0
1.1733	0
1.1736	0
1.1739	0
1.1742	0
1.1745	0
1.1748	0
1.1751	0
1.1754	0
1.1757	0
1.176	0
1.1763	0
1.1766	0
1.1769	0
1.1772	0
1.1775	0
1.1778	0
1.1781	0
1.1784	0
1.1787	0
1.179	0
1.1793	0
1.1796	0
1.1799	0
1.1802	0
1.1805	0
1.1808	0
1.1811	0
1.1814	0
1.1817	0
1.182	0
1.1823	0
1.1826	0
1.1829	0
1.1832	0
1.1835	0
1.1838	0
1.1841	0
1.1844	0
1.1847	0
1.185	0
1.1853	0
1.1856	0
1.1859	0
1.1862	0
1.1865	0
1.1868	0
1.1871	0
1.1874	0
1.1877	0
1.188	0
1.1883	0
1.1886	0
1.1889	0
1.1892	0
1.1895	0
1.1898	0
1.1901	0
1.1904	0
1.1907	0
1.191	0
1.1913	0
1.1916	0
1.1919	0
1.1922	0
1.1925	0
1.1928	0
1.1931	0
1.1934	0
1.1937	0
1.194	0
1.1943	0
1.1946	0
1.1949	0
1.1952	0
1.1955	0
1.1958	0
1.1961	0
1.1964	0
1.1967	0
1.197	0
1.1973	0
1.1976	0
1.1979	0
1.1982	0
1.1985	0
1.1988	0
1.1991	0
1.1994	0
1.1997	0
1.2	0
1.2003	0
1.2006	0
1.2009	0
1.2012	0
1.2015	0
1.2018	0
1.2021	0
1.2024	0
1.2027	0
1.203	0
1.2033	0
1.2036	0
1.2039	0
1.2042	0
1.2045	0
1.2048	0
1.2051	0
1.2054	0
1.2057	0
1.206	0
1.2063	0
1.2066	0
1.2069	0
1.2072	0
1.2075	0
1.2078	0
1.2081	0
1.2084	0
1.2087	0
1.209	0
1.2093	0
1.2096	0
1.2099	0
1.2102	0
1.2105	0
1.2108	0
1.2111	0
1.2114	0
1.2117	0
1.212	0
1.2123	0
1.2126	0
1.2129	0
1.2132	0
1.2135	0
1.2138	0
1.2141	0
1.2144	0
1.2147	0
1.215	0
1.2153	0
1.2156	0
1.2159	0
1.2162	0
1.2165	0
1.2168	0
1.2171	0
1.2174	0
1.2177	0
1.218	0
1.2183	0
1.2186	0
1.2189	0
1.2192	0
1.2195	0
1.2198	0
1.2201	0
1.2204	0
1.2207	0
1.221	0
1.2213	0
1.2216	0
1.2219	0
1.2222	0
1.2225	0
1.2228	0
1.2231	0
1.2234	0
1.2237	0
1.224	0
1.2243	0
1.2246	0
1.2249	0
1.2252	0
1.2255	0
1.2258	0
1.2261	0
1.2264	0
1.2267	0
1.227	0
1.2273	0
1.2276	0
1.2279	0
1.2282	0
1.2285	0
1.2288	0
1.2291	0
1.2294	0
1.2297	0
1.23	0
1.2303	0
1.2306	0
1.2309	0
1.2312	0
1.2315	0
1.2318	0
1.2321	0
1.2324	0
1.2327	0
1.233	0
1.2333	0
1.2336	0
1.2339	0
1.2342	0
1.2345	0
1.2348	0
1.2351	0
1.2354	0
1.2357	0
1.236	0
1.2363	0
1.2366	0
1.2369	0
1.2372	0
1.2375	0
1.2378	0
1.2381	0
1.2384	0
1.2387	0
1.239	0
1.2393	0
1.2396	0
1.2399	0
1.2402	0
1.2405	0
1.2408	0
1.2411	0
1.2414	0
1.2417	0
1.242	0
1.2423	0
1.2426	0
1.2429	0
1.2432	0
1.2435	0
1.2438	0
1.2441	0
1.2444	0
1.2447	0
1.245	0
1.2453	0
1.2456	0
1.2459	0
1.2462	0
1.2465	0
1.2468	0
1.2471	0
1.2474	0
1.2477	0
1.248	0
1.2483	0
1.2486	0
1.2489	0
1.2492	0
1.2495	0
1.2498	0
1.2501	0
1.2504	0
1.2507	0
1.251	0
1.2513	0
1.2516	0
1.2519	0
1.2522	0
1.2525	0
1.2528	0
1.2531	0
1.2534	0
1.2537	0
1.254	0
1.2543	0
1.2546	0
1.2549	0
1.2552	0
1.2555	0
1.2558	0
1.2561	0
1.2564	0
1.2567	0
1.257	0
1.2573	0
1.2576	0
1.2579	0
1.2582	0
1.2585	0
1.2588	0
1.2591	0
1.2594	0
1.2597	0
1.26	0
1.2603	0
1.2606	0
1.2609	0
1.2612	0
1.2615	0
1.2618	0
1.2621	0
1.2624	0
1.2627	0
1.263	0
1.2633	0
1.2636	0
1.2639	0
1.2642	0
1.2645	0
1.2648	0
1.2651	0
1.2654	0
1.2657	0
1.266	0
1.2663	0
1.2666	0
1.2669	0
1.2672	0
1.2675	0
1.2678	0
1.2681	0
1.2684	0
1.2687	0
1.269	0
1.2693	0
1.2696	0
1.2699	0
1.2702	0
1.2705	0
1.2708	0
1.2711	0
1.2714	0
1.2717	0
1.272	0
1.2723	0
1.2726	0
1.2729	0
1.2732	0
1.2735	0
1.2738	0
1.2741	0
1.2744	0
1.2747	0
1.275	0
1.2753	0
1.2756	0
1.2759	0
1.2762	0
1.2765	0
1.2768	0
1.2771	0
1.2774	0
1.2777	0
1.278	0
1.2783	0
1.2786	0
1.2789	0
1.2792	0
1.2795	0
1.2798	0
1.2801	0
1.2804	0
1.2807	0
1.281	0
1.2813	0
1.2816	0
1.2819	0
1.2822	0
1.2825	0
1.2828	0
1.2831	0
1.2834	0
1.2837	0
1.284	0
1.2843	0
1.2846	0
1.2849	0
1.2852	0
1.2855	0
1.2858	0
1.2861	0
1.2864	0
1.2867	0
1.287	0
1.2873	0
1.2876	0
1.2879	0
1.2882	0
1.2885	0
1.2888	0
1.2891	0
1.2894	0
1.2897	0
1.29	0
1.2903	0
1.2906	0
1.2909	0
1.2912	0
1.2915	0
1.2918	0
1.2921	0
1.2924	0
1.2927	0
1.293	0
1.2933	0
1.2936	0
1.2939	0
1.2942	0
1.2945	0
1.2948	0
1.2951	0
1.2954	0
1.2957	0
1.296	0
1.2963	0
1.2966	0
1.2969	0
1.2972	0
1.2975	0
1.2978	0
1.2981	0
1.2984	0
1.2987	0
1.299	0
1.2993	0
1.2996	0
1.2999	0
1.3002	0
1.3005	0
1.3008	0
1.3011	0
1.3014	0
1.3017	0
1.302	0
1.3023	0
1.3026	0
1.3029	0
1.3032	0
1.3035	0
1.3038	0
1.3041	0
1.3044	0
1.3047	0
1.305	0
1.3053	0
1.3056	0
1.3059	0
1.3062	0
1.3065	0
1.3068	0
1.3071	0
1.3074	0
1.3077	0
1.308	0
1.3083	0
1.3086	0
1.3089	0
1.3092	0
1.3095	0
1.3098	0
1.3101	0
1.3104	0
1.3107	0
1.311	0
1.3113	0
1.3116	0
1.3119	0
1.3122	0
1.3125	0
1.3128	0
1.3131	0
1.3134	0
1.3137	0
1.314	0
1.3143	0
1.3146	0
1.3149	0
1.3152	0
1.3155	0
1.3158	0
1.3161	0
1.3164	0
1.3167	0
1.317	0
1.3173	0
1.3176	0
1.3179	0
1.3182	0
1.3185	0
1.3188	0
1.3191	0
1.3194	0
1.3197	0
1.32	0
1.3203	0
1.3206	0
1.3209	0
1.3212	0
1.3215	0
1.3218	0
1.3221	0
1.3224	0
1.3227	0
1.323	0
1.3233	0
1.3236	0
1.3239	0
1.3242	0
1.3245	0
1.3248	0
1.3251	0
1.3254	0
1.3257	0
1.326	0
1.3263	0
1.3266	0
1.3269	0
1.3272	0
1.3275	0
1.3278	0
1.3281	0
1.3284	0
1.3287	0
1.329	0
1.3293	0
1.3296	0
1.3299	0
1.3302	0
1.3305	0
1.3308	0
1.3311	0
1.3314	0
1.3317	0
1.332	0
1.3323	0
1.3326	0
1.3329	0
1.3332	0
1.3335	0
1.3338	0
1.3341	0
1.3344	0
1.3347	0
1.335	0
1.3353	0
1.3356	0
1.3359	0
1.3362	0
1.3365	0
1.3368	0
1.3371	0
1.3374	0
1.3377	0
1.338	0
1.3383	0
1.3386	0
1.3389	0
1.3392	0
1.3395	0
1.3398	0
1.3401	0
1.3404	0
1.3407	0
1.341	0
1.3413	0
1.3416	0
1.3419	0
1.3422	0
1.3425	0
1.3428	0
1.3431	0
1.3434	0
1.3437	0
1.344	0
1.3443	0
1.3446	0
1.3449	0
1.3452	0
1.3455	0
1.3458	0
1.3461	0
1.3464	0
1.3467	0
1.347	0
1.3473	0
1.3476	0
1.3479	0
1.3482	0
1.3485	0
1.3488	0
1.3491	0
1.3494	0
1.3497	0
1.35	0
1.3503	0
1.3506	0
1.3509	0
1.3512	0
1.3515	0
1.3518	0
1.3521	0
1.3524	0
1.3527	0
1.353	0
1.3533	0
1.3536	0
1.3539	0
1.3542	0
1.3545	0
1.3548	0
1.3551	0
1.3554	0
1.3557	0
1.356	0
1.3563	0
1.3566	0
1.3569	0
1.3572	0
1.3575	0
1.3578	0
1.3581	0
1.3584	0
1.3587	0
1.359	0
1.3593	0
1.3596	0
1.3599	0
1.3602	0
1.3605	0
1.3608	0
1.3611	0
1.3614	0
1.3617	0
1.362	0
1.3623	0
1.3626	0
1.3629	0
1.3632	0
1.3635	0
1.3638	0
1.3641	0
1.3644	0
1.3647	0
1.365	0
1.3653	0
1.3656	0
1.3659	0
1.3662	0
1.3665	0
1.3668	0
1.3671	0
1.3674	0
1.3677	0
1.368	0
1.3683	0
1.3686	0
1.3689	0
1.3692	0
1.3695	0
1.3698	0
1.3701	0
1.3704	0
1.3707	0
1.371	0
1.3713	0
1.3716	0
1.3719	0
1.3722	0
1.3725	0
1.3728	0
1.3731	0
1.3734	0
1.3737	0
1.374	0
1.3743	0
1.3746	0
1.3749	0
1.3752	0
1.3755	0
1.3758	0
1.3761	0
1.3764	0
1.3767	0
1.377	0
1.3773	0
1.3776	0
1.3779	0
1.3782	0
1.3785	0
1.3788	0
1.3791	0
1.3794	0
1.3797	0
1.38	0
1.3803	0
1.3806	0
1.3809	0
1.3812	0
1.3815	0
1.3818	0
1.3821	0
1.3824	0
1.3827	0
1.383	0
1.3833	0
1.3836	0
1.3839	0
1.3842	0
1.3845	0
1.3848	0
1.3851	0
1.3854	0
1.3857	0
1.386	0
1.3863	0
1.3866	0
1.3869	0
1.3872	0
1.3875	0
1.3878	0
1.3881	0
1.3884	0
1.3887	0
1.389	0
1.3893	0
1.3896	0
1.3899	0
1.3902	0
1.3905	0
1.3908	0
1.3911	0
1.3914	0
1.3917	0
1.392	0
1.3923	0
1.3926	0
1.3929	0
1.3932	0
1.3935	0
1.3938	0
1.3941	0
1.3944	0
1.3947	0
1.395	0
1.3953	0
1.3956	0
1.3959	0
1.3962	0
1.3965	0
1.3968	0
1.3971	0
1.3974	0
1.3977	0
1.398	0
1.3983	0
1.3986	0
1.3989	0
1.3992	0
1.3995	0
1.3998	0
1.4001	0
1.4004	0
1.4007	0
1.401	0
1.4013	0
1.4016	0
1.4019	0
1.4022	0
1.4025	0
1.4028	0
1.4031	0
1.4034	0
1.4037	0
1.404	0
1.4043	0
1.4046	0
1.4049	0
1.4052	0
1.4055	0
1.4058	0
1.4061	0
1.4064	0
1.4067	0
1.407	0
1.4073	0
1.4076	0
1.4079	0
1.4082	0
1.4085	0
1.4088	0
1.4091	0
1.4094	0
1.4097	0
1.41	0
1.4103	0
1.4106	0
1.4109	0
1.4112	0
1.4115	0
1.4118	0
1.4121	0
1.4124	0
1.4127	0
1.413	0
1.4133	0
1.4136	0
1.4139	0
1.4142	0
1.4145	0
1.4148	0
1.4151	0
1.4154	0
1.4157	0
1.416	0
1.4163	0
1.4166	0
1.4169	0
1.4172	0
1.4175	0
1.4178	0
1.4181	0
1.4184	0
1.4187	0
1.419	0
1.4193	0
1.4196	0
1.4199	0
1.4202	0
1.4205	0
1.4208	0
1.4211	0
1.4214	0
1.4217	0
1.422	0
1.4223	0
1.4226	0
1.4229	0
1.4232	0
1.4235	0
1.4238	0
1.4241	0
1.4244	0
1.4247	0
1.425	0
1.4253	0
1.4256	0
1.4259	0
1.4262	0
1.4265	0
1.4268	0
1.4271	0
1.4274	0
1.4277	0
1.428	0
1.4283	0
1.4286	0
1.4289	0
1.4292	0
1.4295	0
1.4298	0
1.4301	0
1.4304	0
1.4307	0
1.431	0
1.4313	0
1.4316	0
1.4319	0
1.4322	0
1.4325	0
1.4328	0
1.4331	0
1.4334	0
1.4337	0
1.434	0
1.4343	0
1.4346	0
1.4349	0
1.4352	0
1.4355	0
1.4358	0
1.4361	0
1.4364	0
1.4367	0
1.437	0
1.4373	0
1.4376	0
1.4379	0
1.4382	0
1.4385	0
1.4388	0
1.4391	0
1.4394	0
1.4397	0
1.44	0
1.4403	0
1.4406	0
1.4409	0
1.4412	0
1.4415	0
1.4418	0
1.4421	0
1.4424	0
1.4427	0
1.443	0
1.4433	0
1.4436	0
1.4439	0
1.4442	0
1.4445	0
1.4448	0
1.4451	0
1.4454	0
1.4457	0
1.446	0
1.4463	0
1.4466	0
1.4469	0
1.4472	0
1.4475	0
1.4478	0
1.4481	0
1.4484	0
1.4487	0
1.449	0
1.4493	0
1.4496	0
1.4499	0
1.4502	0
1.4505	0
1.4508	0
1.4511	0
1.4514	0
1.4517	0
1.452	0
1.4523	0
1.4526	0
1.4529	0
1.4532	0
1.4535	0
1.4538	0
1.4541	0
1.4544	0
1.4547	0
1.455	0
1.4553	0
1.4556	0
1.4559	0
1.4562	0
1.4565	0
1.4568	0
1.4571	0
1.4574	0
1.4577	0
1.458	0
1.4583	0
1.4586	0
1.4589	0
1.4592	0
1.4595	0
1.4598	0
1.4601	0
1.4604	0
1.4607	0
1.461	0
1.4613	0
1.4616	0
1.4619	0
1.4622	0
1.4625	0
1.4628	0
1.4631	0
1.4634	0
1.4637	0
1.464	0
1.4643	0
1.4646	0
1.4649	0
1.4652	0
1.4655	0
1.4658	0
1.4661	0
1.4664	0
1.4667	0
1.467	0
1.4673	0
1.4676	0
1.4679	0
1.4682	0
1.4685	0
1.4688	0
1.4691	0
1.4694	0
1.4697	0
1.47	0
1.4703	0
1.4706	0
1.4709	0
1.4712	0
1.4715	0
1.4718	0
1.4721	0
1.4724	0
1.4727	0
1.473	0
1.4733	0
1.4736	0
1.4739	0
1.4742	0
1.4745	0
1.4748	0
1.4751	0
1.4754	0
1.4757	0
1.476	0
1.4763	0
1.4766	0
1.4769	0
1.4772	0
1.4775	0
1.4778	0
1.4781	0
1.4784	0
1.4787	0
1.479	0
1.4793	0
1.4796	0
1.4799	0
1.4802	0
1.4805	0
1.4808	0
1.4811	0
1.4814	0
1.4817	0
1.482	0
1.4823	0
1.4826	0
1.4829	0
1.4832	0
1.4835	0
1.4838	0
1.4841	0
1.4844	0
1.4847	0
1.485	0
1.4853	0
1.4856	0
1.4859	0
1.4862	0
1.4865	0
1.4868	0
1.4871	0
1.4874	0
1.4877	0
1.488	0
1.4883	0
1.4886	0
1.4889	0
1.4892	0
1.4895	0
1.4898	0
1.4901	0
1.4904	0
1.4907	0
1.491	0
1.4913	0
1.4916	0
1.4919	0
1.4922	0
1.4925	0
1.4928	0
1.4931	0
1.4934	0
1.4937	0
1.494	0
1.4943	0
1.4946	0
1.4949	0
1.4952	0
1.4955	0
1.4958	0
1.4961	0
1.4964	0
1.4967	0
1.497	0
1.4973	0
1.4976	0
1.4979	0
1.4982	0
1.4985	0
1.4988	0
1.4991	0
1.4994	0
1.4997	0
