0.001
0.00100325
0.0010065
0.001016565
0.0010069
0.0010073
0.001017373
0.00101435
0.0010214
0.001031614
0.0010227
0.001024
0.00103424
0.001025
0.001026
0.00103626
0.00102825
0.0010305
0.001040805
0.00103255
0.0010346
0.001044946
0.0010416
0.0010486
0.001059086
0.00104955
0.0010505
0.001061005
0.00105295
0.0010554
0.001065954
0.0010562
0.001057
0.00106757
0.00105825
0.0010595
0.001070095
0.00105955
0.0010596
0.001070196
0.0010607
0.0010618
0.001072418
0.0010629
0.001064
0.00107464
0.0010674
0.0010708
0.001081508
0.00107175
0.0010727
0.001083427
0.00107925
0.0010858
0.001096658
0.00108595
0.0010861
0.001096961
0.00109545
0.0011048
0.001115848
0.0011054
0.001106
0.00111706
0.00110945
0.0011129
0.001124029
0.00111745
0.001122
0.00113322
0.00112235
0.0011227
0.001133927
0.0011265
0.0011303
0.001141603
0.00113125
0.0011322
0.001143522
0.001135
0.0011378
0.001149178
0.0011424
0.001147
0.00115847
0.0011487
0.0011504
0.001161904
0.00115635
0.0011623
0.001173923
0.00116475
0.0011672
0.001178872
0.00116885
0.0011705
0.001182205
0.00117745
0.0011844
0.001196244
0.00118705
0.0011897
0.001201597
0.00119205
0.0011944
0.001206344
0.0011954
0.0011964
0.001208364
0.0011981
0.0011998
0.001211798
0.0012023
0.0012048
0.001216848
0.00120745
0.0012101
0.001222201
0.00121645
0.0012228
0.001235028
0.0012256
0.0012284
0.001240684
0.00123
0.0012316
0.001243916
0.0012341
0.0012366
0.001248966
0.0012406
0.0012446
0.001257046
0.00124705
0.0012495
0.001261995
0.00125245
0.0012554
0.001267954
0.00125765
0.0012599
0.001272499
0.00126205
0.0012642
0.001276842
0.00126855
0.0012729
0.001285629
0.00127315
0.0012734
0.001286134
0.0012762
0.001279
0.00129179
0.00128305
0.0012871
0.001299971
0.0012889
0.0012907
0.001303607
0.0012926
0.0012945
0.001307445
0.001297
0.0012995
0.001312495
0.00130505
0.0013106
0.001323706
0.00131325
0.0013159
0.001329059
0.0013177
0.0013195
0.001332695
0.0013226
0.0013257
0.001338957
0.001327
0.0013283
0.001341583
0.00133245
0.0013366
0.001349966
0.00134175
0.0013469
0.001360369
0.00134865
0.0013504
0.001363904
0.00135285
0.0013553
0.001368853
0.00135745
0.0013596
0.001373196
0.00136085
0.0013621
0.001375721
0.0013639
0.0013657
0.001379357
0.0013681
0.0013705
0.001384205
0.00138165
0.0013928
0.001406728
0.001394
0.0013952
0.001409152
0.00139875
0.0014023
0.001416323
0.001405
0.0014077
0.001421777
0.0014088
0.0014099
0.001423999
0.00141095
0.001412
0.00142612
0.00141595
0.0014199
0.001434099
0.00142405
0.0014282
0.001442482
0.0014334
0.0014386
0.001452986
0.0014468
0.001455
0.00146955
0.0014583
0.0014616
0.001476216
0.0014656
0.0014696
0.001484296
0.0014697
0.0014698
0.001484498
0.00147435
0.0014789
0.001493689
0.0014795
0.0014801
0.001494901
0.00148065
0.0014812
0.001496012
0.0014872
0.0014932
0.001508132
0.0015046
0.001516
0.00153116
0.0015176
0.0015192
0.001534392
0.00152385
0.0015285
0.001543785
0.0015302
0.0015319
0.001547219
0.0015328
0.0015337
0.001549037
0.00153775
0.0015418
0.001557218
0.00154585
0.0015499
0.001565399
0.00155085
0.0015518
0.001567318
0.0015527
0.0015536
0.001569136
0.0015538
0.001554
0.00156954
0.00156605
0.0015781
0.001593881
0.00158665
0.0015952
0.001611152
0.001596
0.0015968
0.001612768
0.0015973
0.0015978
0.001613778
0.00159995
0.0016021
0.001618121
0.00160305
0.001604
0.00162004
0.00160695
0.0016099
0.001625999
0.0016175
0.0016251
0.001641351
0.0016333
0.0016415
0.001657915
0.00164615
0.0016508
0.001667308
0.00165645
0.0016621
0.001678721
0.0016631
0.0016641
0.001680741
0.0016664
0.0016687
0.001685387
0.00167105
0.0016734
0.001690134
0.0016735
0.0016736
0.001690336
0.00168025
0.0016869
0.001703769
0.0016935
0.0017001
0.001717101
0.0017128
0.0017255
0.001742755
0.0017269
0.0017283
0.001745583
0.0017284
0.0017285
0.001745785
0.00172865
0.0017288
0.001746088
0.0017339
0.001739
0.00175639
0.0017403
0.0017416
0.001759016
0.0017475
0.0017534
0.001770934
0.0017613
0.0017692
0.001786892
0.00177305
0.0017769
0.001794669
0.0017828
0.0017887
0.001806587
0.00179245
0.0017962
0.001814162
0.00179925
0.0018023
0.001820323
0.0018037
0.0018051
0.001823151
0.00181065
0.0018162
0.001834362
0.00182235
0.0018285
0.001846785
0.0018297
0.0018309
0.001849209
0.0018436
0.0018563
0.001874863
0.00186045
0.0018646
0.001883246
0.00186485
0.0018651
0.001883751
0.0018661
0.0018671
0.001885771
0.0018741
0.0018811
0.001899911
0.0018869
0.0018927
0.001911627
0.0018975
0.0019023
0.001921323
0.00190635
0.0019104
0.001929504
0.0019181
0.0019258
0.001945058
0.0019305
0.0019352
0.001954552
0.0019355
0.0019358
0.001955158
0.0019391
0.0019424
0.001961824
0.0019521
0.0019618
0.001981418
0.00196635
0.0019709
0.001990609
0.00198135
0.0019918
0.002011718
0.00200195
0.0020121
0.002032221
0.0020141
0.0020161
0.002036261
0.00201715
0.0020182
0.002038382
0.00203135
0.0020445
0.002064945
0.00204465
0.0020448
0.002065248
0.0020464
0.002048
0.00206848
0.0020616
0.0020752
0.002095952
0.00207835
0.0020815
0.002102315
0.00209025
0.002099
0.00211999
0.00210075
0.0021025
0.002123525
0.00211285
0.0021232
0.002144432
0.0021261
0.002129
0.00215029
0.0021297
0.0021304
0.002151704
0.00214505
0.0021597
0.002181297
0.0021602
0.0021607
0.002182307
0.0021724
0.0021841
0.002205941
0.0021865
0.0021889
0.002210789
0.0021945
0.0022001
0.002222101
0.00220615
0.0022122
0.002234322
0.0022123
0.0022124
0.002234524
0.0022186
0.0022248
0.002247048
0.0022414
0.002258
0.00228058
0.0022646
0.0022712
0.002293912
0.0022743
0.0022774
0.002300174
0.00228905
0.0023007
0.002323707
0.00230075
0.0023008
0.002323808
0.0023065
0.0023122
0.002335322
0.00233355
0.0023549
0.002378449
0.0023565
0.0023581
0.002381681
0.0023593
0.0023605
0.002384105
0.0023643
0.0023681
0.002391781
0.0023686
0.0023691
0.002392791
0.0023815
0.0023939
0.002417839
0.00239435
0.0023948
0.002418748
0.00242325
0.0024517
0.002476217
0.0024538
0.0024559
0.002480459
0.00245865
0.0024614
0.002486014
0.002464
0.0024666
0.002491266
0.00246855
0.0024705
0.002495205
0.00247975
0.002489
0.00251389
0.00249135
0.0024937
0.002518637
0.00250415
0.0025146
0.002539746
0.0025178
0.002521
0.00254621
0.00253
0.002539
0.00256439
0.0025534
0.0025678
0.002593478
0.0025719
0.002576
0.00260176
0.002581
0.002586
0.00261186
0.00259035
0.0025947
0.002620647
0.0026121
0.0026295
0.002655795
0.0026332
0.0026369
0.002663269
0.0026566
0.0026763
0.002703063
0.00267685
0.0026774
0.002704174
0.0026775
0.0026776
0.002704376
0.00268115
0.0026847
0.002711547
0.0026849
0.0026851
0.002711951
0.00269155
0.002698
0.00272498
0.002716
0.002734
0.00276134
0.0027601
0.0027862
0.002814062
0.0027882
0.0027902
0.002818102
0.00279335
0.0027965
0.002824465
0.0027972
0.0027979
0.002825879
0.0028007
0.0028035
0.002831535
0.0028042
0.0028049
0.002832949
0.0028209
0.0028369
0.002865269
0.0028378
0.0028387
0.002867087
0.0028426
0.0028465
0.002874965
0.0028679
0.0028893
0.002918193
0.00289475
0.0029002
0.002929202
0.0029058
0.0029114
0.002940514
0.0029115
0.0029116
0.002940716
0.0029281
0.0029446
0.002974046
0.0029582
0.0029718
0.003001518
0.0029855
0.0029992
0.003029192
0.00300185
0.0030045
0.003034545
0.00301305
0.0030216
0.003051816
0.0030218
0.003022
0.00305222
0.0030222
0.0030224
0.003052624
0.0030262
0.00303
0.0030603
0.0030423
0.0030546
0.003085146
0.00308295
0.0031113
0.003142413
0.0031251
0.0031389
0.003170289
0.0031416
0.0031443
0.003175743
0.003145
0.0031457
0.003177157
0.0031486
0.0031515
0.003183015
0.0031592
0.0031669
0.003198569
0.00316875
0.0031706
0.003202306
0.0031741
0.0031776
0.003209376
0.00319075
0.0032039
0.003235939
0.003214
0.0032241
0.003256341
0.0032414
0.0032587
0.003291287
0.00326595
0.0032732
0.003305932
0.00327355
0.0032739
0.003306639
0.0032777
0.0032815
0.003314315
0.00330705
0.0033326
0.003365926
0.0033356
0.0033386
0.003371986
0.0033443
0.00335
0.0033835
0.0033648
0.0033796
0.003413396
0.0033854
0.0033912
0.003425112
0.00339485
0.0033985
0.003432485
0.00339995
0.0034014
0.003435414
0.00340555
0.0034097
0.003443797
0.00342665
0.0034436
0.003478036
0.003473
0.0035024
0.003537424
0.00351015
0.0035179
0.003553079
0.003523
0.0035281
0.003563381
0.00353175
0.0035354
0.003570754
0.0035361
0.0035368
0.003572168
0.00354305
0.0035493
0.003584793
0.00355225
0.0035552
0.003590752
0.0035676
0.00358
0.0036158
0.00358165
0.0035833
0.003619133
0.0035997
0.0036161
0.003652261
0.0036303
0.0036445
0.003680945
0.0036563
0.0036681
0.003704781
0.0036734
0.0036787
0.003715487
0.0036857
0.0036927
0.003729627
0.00371055
0.0037284
0.003765684
0.00372965
0.0037309
0.003768209
0.00373385
0.0037368
0.003774168
0.00375525
0.0037737
0.003811437
0.0037753
0.0037769
0.003814669
0.00378015
0.0037834
0.003821234
0.00380385
0.0038243
0.003862543
0.00383225
0.0038402
0.003878602
0.0038497
0.0038592
0.003897792
0.00387585
0.0038925
0.003931425
0.0038982
0.0039039
0.003942939
0.00391535
0.0039268
0.003966068
0.00393465
0.0039425
0.003981925
0.0039582
0.0039739
0.004013639
0.00397585
0.0039778
0.004017578
0.0039848
0.0039918
0.004031718
0.00399295
0.0039941
0.004034041
0.00400455
0.004015
0.00405515
0.0040153
0.0040156
0.004055756
0.0040259
0.0040362
0.004076562
0.0040699
0.0041036
0.004144636
0.0041156
0.0041276
0.004168876
0.00412905
0.0041305
0.004171805
0.0041324
0.0041343
0.004175643
0.00414095
0.0041476
0.004189076
0.0041535
0.0041594
0.004200994
0.0041601
0.0041608
0.004202408
0.0041873
0.0042138
0.004255938
0.0042255
0.0042372
0.004279572
0.00424265
0.0042481
0.004290581
0.0042668
0.0042855
0.004328355
0.00428755
0.0042896
0.004332496
0.00430105
0.0043125
0.004355625
0.0043261
0.0043397
0.004383097
0.0043533
0.0043669
0.004410569
0.00436825
0.0043696
0.004413296
0.0043778
0.004386
0.00442986
0.0044038
0.0044216
0.004465816
0.00443095
0.0044403
0.004484703
0.004444
0.0044477
0.004492177
0.00445675
0.0044658
0.004510458
0.0044739
0.004482
0.00452682
0.0044871
0.0044922
0.004537122
0.00449245
0.0044927
0.004537627
0.0045213
0.0045499
0.004595399
0.0045522
0.0045545
0.004600045
0.00458635
0.0046182
0.004664382
0.00461865
0.0046191
0.004665291
0.0046223
0.0046255
0.004671755
0.0046401
0.0046547
0.004701247
0.0046642
0.0046737
0.004720437
0.0046796
0.0046855
0.004732355
0.00472315
0.0047608
0.004808408
0.00476775
0.0047747
0.004822447
0.0047849
0.0047951
0.004843051
0.00481205
0.004829
0.00487729
0.0048303
0.0048316
0.004879916
0.00484455
0.0048575
0.004906075
0.00488585
0.0049142
0.004963342
0.0049274
0.0049406
0.004990006
0.0049546
0.0049686
0.005018286
0.00497145
0.0049743
0.005024043
0.00498805
0.0050018
0.005051818
0.00500395
0.0050061
0.005056161
0.00505495
0.0051038
0.005154838
0.00510385
0.0051039
0.005154939
0.0051309
0.0051579
0.005209479
0.0051599
0.0051619
0.005213519
0.0051717
0.0051815
0.005233315
0.00521245
0.0052434
0.005295834
0.0052453
0.0052472
0.005299672
0.00529105
0.0053349
0.005388249
0.00534905
0.0053632
0.005416832
0.00536435
0.0053655
0.005419155
0.00537905
0.0053926
0.005446526
0.00540475
0.0054169
0.005471069
0.00542825
0.0054396
0.005493996
0.0054617
0.0054838
0.005538638
0.00550255
0.0055213
0.005576513
0.0055349
0.0055485
0.005603985
0.0055894
0.0056303
0.005686603
0.0056576
0.0056849
0.005741749
0.00569855
0.0057122
0.005769322
0.0057125
0.0057128
0.005769928
0.0057272
0.0057416
0.005799016
0.00582185
0.0059021
0.005961121
0.0059023
0.0059025
0.005961525
0.00592405
0.0059456
0.006005056
0.00595
0.0059544
0.006013944
0.005956
0.0059576
0.006017176
0.0059592
0.0059608
0.006020408
0.00603145
0.0061021
0.006163121
0.00612545
0.0061488
0.006210288
0.00615705
0.0061653
0.006226953
0.006183
0.0062007
0.006262707
0.00622125
0.0062418
0.006304218
0.00627745
0.0063131
0.006376231
0.006332
0.0063509
0.006414409
0.0063969
0.0064429
0.006507329
0.0064474
0.0064519
0.006516419
0.0064814
0.0065109
0.006576009
0.0065121
0.0065133
0.006578433
0.0065183
0.0065233
0.006588533
0.00654395
0.0065646
0.006630246
0.00663625
0.0067079
0.006774979
0.00671765
0.0067274
0.006794674
0.00672995
0.0067325
0.006799825
0.00675825
0.006784
0.00685184
0.0067919
0.0067998
0.006867798
0.00687645
0.0069531
0.007022631
0.00696095
0.0069688
0.007038488
0.006994
0.0070192
0.007089392
0.0070513
0.0070834
0.007154234
0.00708835
0.0070933
0.007164233
0.0071365
0.0071797
0.007251497
0.0072112
0.0072427
0.007315127
0.00728045
0.0073182
0.007391382
0.00735615
0.0073941
0.007468041
0.0074497
0.0075053
0.007580353
0.00756505
0.0076248
0.007701048
0.00765275
0.0076807
0.007757507
0.0076915
0.0077023
0.007779323
0.00774165
0.007781
0.00785881
0.007864
0.007947
0.00802647
0.00798255
0.0080181
0.008098281
0.0080399
0.0080617
0.008142317
0.0081613
0.0082609
0.008343509
0.00828185
0.0083028
0.008385828
0.0083251
0.0083474
0.008430874
0.0083486
0.0083498
0.008433298
0.00847025
0.0085907
0.008676607
0.0086144
0.0086381
0.008724481
0.0086556
0.0086731
0.008759831
0.0088009
0.0089287
0.009017987
0.00893125
0.0089338
0.009023138
0.0089385
0.0089432
0.009032632
0.00897785
0.0090125
0.009102625
0.00912785
0.0092432
0.009335632
0.009259
0.0092748
0.009367548
0.0093175
0.0093602
0.009453802
0.00945925
0.0095583
0.009653883
0.00959035
0.0096224
0.009718624
0.0096259
0.0096294
0.009725694
0.0096728
0.0097162
0.009813362
0.0097977
0.0098792
0.009977992
0.0099359
0.0099926
0.010092526
0.0100368
0.010081
0.01018181
0.0101435
0.010206
0.01030806
0.0102685
0.010331
0.01043431
0.010352
0.010373
0.01047673
0.0104135
0.010454
0.01055854
0.010496
0.010538
0.01064338
0.0106505
0.010763
0.01087063
0.010804
0.010845
0.01095345
0.010861
0.010877
0.01098577
0.010972
0.011067
0.01117767
0.011115
0.011163
0.01127463
0.0111885
0.011214
0.01132614
0.0112295
0.011245
0.01135745
0.011406
0.011567
0.01168267
0.01157
0.011573
0.01168873
0.0116145
0.011656
0.01177256
0.0117425
0.011829
0.01194729
0.0118755
0.011922
0.01204122
0.0119575
0.011993
0.01211293
0.012035
0.012077
0.01219777
0.012182
0.012287
0.01240987
0.0123555
0.012424
0.01254824
0.012466
0.012508
0.01263308
0.0125635
0.012619
0.01274519
0.0126395
0.01266
0.0127866
0.0127595
0.012859
0.01298759
0.0129045
0.01295
0.0130795
0.012995
0.01304
0.0131704
0.0131765
0.013313
0.01344613
0.0133545
0.013396
0.01352996
0.0134105
0.013425
0.01355925
0.01343
0.013435
0.01356935
0.0136055
0.013776
0.01391376
0.0137965
0.013817
0.01395517
0.0138395
0.013862
0.01400062
0.0140385
0.014215
0.01435715
0.0142345
0.014254
0.01439654
0.014267
0.01428
0.0144228
0.014308
0.014336
0.01447936
0.0144775
0.014619
0.01476519
0.0146825
0.014746
0.01489346
0.014786
0.014826
0.01497426
0.01493
0.015034
0.01518434
0.0150965
0.015159
0.01531059
0.015205
0.015251
0.01540351
0.0152905
0.01533
0.0154833
0.015393
0.015456
0.01561056
0.015612
0.015768
0.01592568
0.0158075
0.015847
0.01600547
0.015865
0.015883
0.01604183
0.015975
0.016067
0.01622767
0.016182
0.016297
0.01645997
0.016306
0.016315
0.01647815
0.0163455
0.016376
0.01653976
0.0165595
0.016743
0.01691043
0.0167915
0.01684
0.0170084
0.016879
0.016918
0.01708718
0.016959
0.017
0.01717
0.017091
0.017182
0.01735382
0.017289
0.017396
0.01756996
0.0174345
0.017473
0.01764773
0.0175495
0.017626
0.01780226
0.017794
0.017962
0.01814162
0.0179665
0.017971
0.01815071
0.0180065
0.018042
0.01822242
0.0180565
0.018071
0.01825171
0.018299
0.018527
0.01871227
0.0185435
0.01856
0.0187456
0.018595
0.01863
0.0188163
0.018789
0.018948
0.01913748
0.018971
0.018994
0.01918394
0.0190785
0.019163
0.01935463
0.0191975
0.019232
0.01942432
0.019347
0.019462
0.01965662
0.019621
0.01978
0.0199778
0.019814
0.019848
0.02004648
0.0198885
0.019929
0.02012829
0.019947
0.019965
0.02016465
0.0201835
0.020402
0.02060602
0.0204055
0.020409
0.02061309
0.0204435
0.020478
0.02068278
0.020686
0.020894
0.02110294
0.020953
0.021012
0.02122212
0.021028
0.021044
0.02125444
0.0210785
0.021113
0.02132413
0.0214075
0.021702
0.02191902
0.021735
0.021768
0.02198568
0.0219275
0.022087
0.02230787
0.022229
0.022371
0.02259471
0.0224055
0.02244
0.0226644
0.022751
0.023062
0.02329262
0.023092
0.023122
0.02335322
0.0231565
0.023191
0.02342291
0.0234835
0.023776
0.02401376
0.0238015
0.023827
0.02406527
0.024074
0.024321
0.02456421
0.024412
0.024503
0.02474803
0.0245285
0.024554
0.02479954
0.024898
0.025242
0.02549442
0.025268
0.025294
0.02554694
0.0253915
0.025489
0.02574389
0.025748
0.026007
0.02626707
0.026027
0.026047
0.02630747
0.0263675
0.026688
0.02695488
0.02674
0.026792
0.02705992
0.026808
0.026824
0.02709224
0.027223
0.027622
0.02789822
0.0277715
0.027921
0.02820021
0.0285525
0.029184
0.02947584
0.0298315
0.030479
0.03078379
0.031142
0.031805
0.03212305
0.0324845
0.033164
0.03349564
0.03386
0.034556
0.03490156
0.0352705
0.035985
0.03634485
0.036717
0.037449
0.03782349
0.038196
0.038943
0.03933243
0.0396995
0.040456
0.04086056
0.041233
0.04201
0.0424301
0.0428035
0.043597
0.04403297
0.044408
0.045219
0.04567119
0.0460475
0.046876
0.04734476
0.047722
0.048568
0.04905368
0.0494355
0.050303
0.05080603
0.0511815
0.05206
0.0525806
0.0529605
0.053861
0.05439961
0.05478
0.055699
0.05625599
0.0566365
0.057574
0.05814974
0.058531
0.059488
0.06008288
0.0604645
0.061441
0.06205541
0.0624415
0.063442
0.06407642
0.064462
0.065482
0.06613682
0.0665235
0.067565
0.06824065
0.068627
0.069689
0.07038589
0.0707725
0.071856
0.07257456
0.072961
0.074066
0.07480666
0.07519
0.076314
0.07707714
0.0774645
0.078615
0.07940115
0.0797875
0.08096
0.0817696
0.0821565
0.083353
0.08418653
0.0845755
0.085798
0.08665598
0.087044
0.08829
0.0891729
0.089561
0.090832
0.09174032
0.092128
0.093424
0.09435824
0.094746
0.096068
0.09702868
0.097416
0.098764
0.09975164
0.100142
0.10152
0.1025352
0.10292
0.10432
0.1053632
0.105755
0.10719
0.1082619
0.10865
0.11011
0.1112111
0.111595
0.11308
0.1142108
0.114595
0.11611
0.1172711
0.117655
0.1192
0.120392
0.120775
0.12235
0.1235735
0.12396
0.12557
0.1268257
0.127215
0.12886
0.1301486
0.130535
0.13221
0.1335321
0.13392
0.13563
0.1369863
0.13737
0.13911
0.1405011
0.140895
0.14268
0.1441068
0.14871026
0.154740519
0.160770779
0.166801039
0.172831299
0.178861558
0.184891818
0.190922078
0.196952338
0.202982597
0.209012857
0.215043117
0.221073377
0.227103636
0.233133896
0.239164156
0.245194416
0.251224675
0.257254935
0.263285195
0.269315455
0.275345714
0.281375974
0.287406234
0.293436494
0.299466753
0.305497013
0.311527273
0.317557532
0.323587792
0.329618052
0.335648312
0.341678571
0.347708831
0.353739091
0.359769351
0.36579961
0.37182987
0.37786013
0.38389039
0.389920649
0.395950909
0.401981169
0.408011429
0.414041688
0.420071948
0.426102208
0.432132468
0.438162727
0.444192987
0.450223247
0.456253506
0.462283766
0.468314026
0.474344286
0.480374545
0.486404805
0.492435065
0.498465325
0.504495584
0.510525844
0.516556104
0.522586364
0.528616623
0.534646883
0.540677143
0.546707403
0.552737662
0.558767922
0.564798182
0.570828442
0.576858701
0.582888961
0.588919221
0.594949481
0.60097974
0.60701
0.61304026
0.619070519
0.625100779
0.631131039
0.637161299
0.643191558
0.649221818
0.655252078
0.661282338
0.667312597
0.673342857
0.679373117
0.685403377
0.691433636
0.697463896
0.703494156
0.709524416
0.715554675
0.721584935
0.727615195
0.733645455
0.739675714
0.745705974
0.751736234
0.757766494
0.763796753
0.769827013
0.775857273
0.781887532
0.787917792
0.793948052
0.799978312
0.806008571
0.812038831
0.818069091
0.824099351
0.83012961
0.83615987
0.84219013
0.84822039
0.854250649
0.860280909
0.866311169
0.872341429
0.878371688
0.884401948
0.890432208
0.896462468
0.902492727
0.908522987
0.914553247
0.920583506
0.926613766
0.932644026
0.938674286
0.944704545
0.950734805
0.956765065
0.962795325
0.968825584
0.974855844
0.980886104
0.986916364
0.992946623
0.998976883
1.005007143
1.011037403
1.017067662
1.023097922
1.029128182
1.035158442
1.041188701
1.047218961
1.053249221
1.059279481
1.06530974
1.07134
1.07737026
1.083400519
1.089430779
1.095461039
1.101491299
1.107521558
1.113551818
1.119582078
1.125612338
1.131642597
1.137672857
1.143703117
1.149733377
1.155763636
1.161793896
1.167824156
1.173854416
1.179884675
1.185914935
1.191945195
1.197975455
1.204005714
1.210035974
1.216066234
1.222096494
1.228126753
1.234157013
1.240187273
1.246217532
1.252247792
1.258278052
1.264308312
1.270338571
1.276368831
1.282399091
1.288429351
1.29445961
1.30048987
1.30652013
1.31255039
1.318580649
1.324610909
1.330641169
1.336671429
1.342701688
1.348731948
1.354762208
1.360792468
1.366822727
1.372852987
1.378883247
1.384913506
1.390943766
1.396974026
1.403004286
1.409034545
1.415064805
1.421095065
1.427125325
1.433155584
1.439185844
1.445216104
1.451246364
1.457276623
1.463306883
1.469337143
1.475367403
1.481397662
1.487427922
1.493458182
1.499488442
1.505518701
1.511548961
1.517579221
1.523609481
1.52963974
1.53567
1.54170026
1.547730519
1.553760779
1.559791039
1.565821299
1.571851558
1.577881818
1.583912078
1.589942338
1.595972597
1.602002857
1.608033117
1.614063377
1.620093636
1.626123896
1.632154156
1.638184416
1.644214675
1.650244935
1.656275195
1.662305455
1.668335714
1.674365974
1.680396234
1.686426494
1.692456753
1.698487013
1.704517273
1.710547532
1.716577792
1.722608052
1.728638312
1.734668571
1.740698831
1.746729091
1.752759351
1.75878961
1.76481987
1.77085013
1.77688039
1.782910649
1.788940909
1.794971169
1.801001429
1.807031688
1.813061948
1.819092208
1.825122468
1.831152727
1.837182987
1.843213247
1.849243506
1.855273766
1.861304026
1.867334286
1.873364545
1.879394805
1.885425065
1.891455325
1.897485584
1.903515844
1.909546104
1.915576364
1.921606623
1.927636883
1.933667143
1.939697403
1.945727662
1.951757922
1.957788182
1.963818442
1.969848701
1.975878961
1.981909221
1.987939481
1.99396974
2
